1 0.042231
2 0.00192
3 0.002107
4 0.002806
5 0.001911
6 0.00447
7 0.001045
8 0.00157
9 0.00084
10 0.002061
11 0.000762
12 0.000662
13 0.003203
14 0.001629
15 0.001015
16 0.000771
17 0.00085
18 0.000469
19 0.000911
20 0.000565
21 0.000681
22 0.000547
23 0.001662
24 0.000769
25 0.001095
26 0.000948
27 0.000605
28 0.000582
29 0.000736
30 0.001962
31 0.0007
32 0.00073
33 0.000914
34 0.000607
35 0.001195
36 0.000891
37 0.000754
38 0.001236
39 0.000844
40 0.000939
41 0.000799
42 0.000297
43 0.001579
44 0.000796
45 0.000865
46 0.00089
47 0.000552
48 0.000938
49 0.003643
50 0.001593
51 0.000927
52 0.00108
53 0.000504
54 0.000773
55 0.000958
56 0.002905
57 0.00067
58 0.000657
59 0.000446
60 0.000564
61 0.000578
62 0.001484
63 0.000846
64 0.000539
65 0.000427
66 0.00062
67 0.000552
68 0.000988
69 0.001151
70 0.000757
71 0.000767
72 0.000802
73 0.000901
74 0.000703
75 0.001367
76 0.000572
77 0.000286
78 0.00128
79 0.000396
80 0.000334
81 0.000487
82 0.000436
83 0.000489
84 0.000551
85 0.002023
86 0.000362
87 0.00029
88 0.00028
89 0.000294
90 0.000473
91 0.000625
92 0.000343
93 0.000269
94 0.000405
95 0.000318
96 0.000295
97 0.0004
98 0.000233
99 0.000307
100 0.001197
101 0.000477
102 0.000338
103 0.000399
104 0.000507
105 0.000336
106 0.000313
107 0.000361
108 0.000329
109 0.000437
110 0.000198
111 0.000309
112 0.000392
113 0.000231
114 0.000306
115 0.000283
116 0.000328
117 0.000379
118 0.000522
119 0.00038
120 0.000269
121 0.000343
122 0.000282
123 0.000438
124 0.000339
125 0.000952
126 0.000413
127 0.000455
128 0.00028
129 0.000438
130 0.000253
131 0.000286
132 0.000686
133 0.000542
134 0.000342
135 0.000339
136 0.001438
137 0.000348
138 0.000307
139 0.000338
140 0.001565
141 0.0005
142 0.000475
143 0.00061
144 0.000291
145 0.000586
146 0.000309
147 0.000519
148 0.000299
149 0.00031
150 0.000606
151 0.000319
152 0.000339
153 0.000357
154 0.000303
155 0.000479
156 0.000352
157 0.000377
158 0.000572
159 0.001458
160 0.000465
161 0.000269
162 0.000353
163 0.000625
164 0.000353
165 0.000322
166 0.000473
167 0.000306
168 0.000343
169 0.000349
170 0.000321
171 0.000295
172 0.000323
173 0.000305
174 0.000309
175 0.000325
176 0.000324
177 0.000292
178 0.000281
179 0.000325
180 0.000324
181 0.000317
182 0.000299
183 0.00052
184 0.000289
185 0.000319
186 0.000432
187 0.000375
188 0.000308
189 0.000291
190 0.000363
191 0.000287
192 0.000341
193 0.000316
194 0.001113
195 0.000412
196 0.000514
197 0.000442
198 0.000483
199 0.0005
200 0.000485
201 0.0003
202 0.000407
203 0.000355
204 0.000279
205 0.000287
206 0.00038
207 0.000307
208 0.000282
209 0.000465
210 0.000293
211 0.000509
212 0.000375
213 0.000336
214 0.000469
215 0.000347
216 0.000327
217 0.00034
218 0.000308
219 0.000333
220 0.000531
221 0.000326
222 0.00035
223 0.000283
224 0.000277
225 0.000301
226 0.000346
227 0.000624
228 0.000297
229 0.000285
230 0.00025
231 0.000605
232 0.000538
233 0.000255
234 0.000517
235 0.000308
236 0.000285
237 0.000332
238 0.000359
239 0.000409
240 0.000368
241 0.00044
242 0.000358
243 0.000314
244 0.00046
245 0.000397
246 0.000384
247 0.000363
248 0.000476
249 0.000641
250 0.000326
251 0.000329
252 0.000386
253 0.000294
254 0.000363
255 0.000311
256 0.000367
257 0.000356
258 0.000341
259 0.000484
260 0.000243
261 0.000328
262 0.00036
263 0.000334
264 0.000339
265 0.00027
266 0.000344
267 0.000343
268 0.000312
269 0.000281
270 0.000509
271 0.000663
272 0.000471
273 0.000567
274 0.000367
275 0.000405
276 0.000325
277 0.000532
278 0.000499
279 0.000453
280 0.000389
281 0.000438
282 0.001404
283 0.000398
284 0.0006
285 0.000248
286 0.00035
287 0.000562
288 0.000613
289 0.000362
290 0.000434
291 0.000325
292 0.000337
293 0.000319
294 0.000322
295 0.000303
296 0.000745
297 0.000468
298 0.000336
299 0.000385
300 0.000306
301 0.000365
302 0.000335
303 0.00037
304 0.000337
305 0.00029
306 0.000283
307 0.000335
308 0.000335
309 0.000304
310 0.000313
311 0.000353
312 0.000293
313 0.000317
314 0.000365
315 0.000306
316 0.000361
317 0.000401
318 0.000298
319 0.000373
320 0.000277
321 0.000575
322 0.000513
323 0.000478
324 0.000324
325 0.000316
326 0.000305
327 0.000351
328 0.000318
329 0.000324
330 0.000288
331 0.000335
332 0.000355
333 0.000347
334 0.00036
335 0.000294
336 0.00027
337 0.000542
338 0.00029
339 0.000407
340 0.000282
341 0.00042
342 0.000381
343 0.000377
344 0.000419
345 0.000409
346 0.000434
347 0.000396
348 0.000312
349 0.000414
350 0.000409
351 0.000278
352 0.000321
353 0.000296
354 0.000417
355 0.00033
356 0.000303
357 0.00037
358 0.000351
359 0.000466
360 0.000341
361 0.000421
362 0.000322
363 0.000322
364 0.000303
365 0.000306
366 0.000321
367 0.000403
368 0.000347
369 0.000297
370 0.000306
371 0.000428
372 0.000502
373 0.000431
374 0.000341
375 0.000309
376 0.000432
377 0.000296
378 0.000341
379 0.000298
380 0.001742
381 0.000497
382 0.000359
383 0.000465
384 0.000317
385 0.000431
386 0.000447
387 0.000414
388 0.000297
389 0.000334
390 0.000363
391 0.000346
392 0.000303
393 0.000338
394 0.000416
395 0.000312
396 0.000311
397 0.000332
398 0.00031
399 0.000321
400 0.000331
401 0.000338
402 0.000405
403 0.000358
404 0.00035
405 0.000325
406 0.000348
407 0.000322
408 0.000295
409 0.000278
410 0.000329
411 0.000349
412 0.000411
413 0.000447
414 0.000314
415 0.000338
416 0.000297
417 0.000311
418 0.000231
419 0.000395
420 0.000398
421 0.000378
422 0.000327
423 0.000321
424 0.000323
425 0.000306
426 0.000387
427 0.0005
428 0.00041
429 0.000593
430 0.000358
431 0.000315
432 0.000539
433 0.000362
434 0.000324
435 0.00035
436 0.000348
437 0.000301
438 0.000276
439 0.000292
440 0.000307
441 0.000425
442 0.000271
443 0.000461
444 0.000334
445 0.000235
446 0.00023
447 0.000362
448 0.000318
449 0.000497
450 0.000311
451 0.000302
452 0.00052
453 0.000324
454 0.000348
455 0.000331
456 0.000291
457 0.000681
458 0.000485
459 0.000381
460 0.000333
461 0.00044
462 0.000363
463 0.000319
464 0.000318
465 0.000398
466 0.000357
467 0.000466
468 0.00033
469 0.000392
470 0.000566
471 0.000566
472 0.000423
473 0.000416
474 0.000368
475 0.000353
476 0.00033
477 0.00045
478 0.000423
479 0.000325
480 0.000562
481 0.000352
482 0.00043
483 0.000394
484 0.000373
485 0.000349
486 0.000474
487 0.000348
488 0.000327
489 0.000375
490 0.000495
491 0.000328
492 0.000419
493 0.000324
494 0.000294
495 0.000342
496 0.000314
497 0.000319
498 0.000405
499 0.000408
500 0.00037
501 0.000264
502 0.000344
503 0.000393
504 0.000365
505 0.000419
506 0.000367
507 0.000312
508 0.000597
509 0.000313
510 0.000342
511 0.000344
512 0.000319
513 0.000418
514 0.000426
515 0.000567
516 0.000333
517 0.000346
518 0.000361
519 0.000375
520 0.000414
521 0.000401
522 0.000444
523 0.000348
524 0.000555
525 0.000441
526 0.000332
527 0.000423
528 0.000351
529 0.000735
530 0.0006
531 0.000449
532 0.000526
533 0.000612
534 0.000463
535 0.000368
536 0.000635
537 0.000433
538 0.000369
539 0.000546
540 0.000358
541 0.000446
542 0.000356
543 0.000491
544 0.000408
545 0.000324
546 0.000402
547 0.000432
548 0.000318
549 0.000355
550 0.000388
551 0.000402
552 0.000298
553 0.000409
554 0.000494
555 0.000403
556 0.000387
557 0.000409
558 0.000483
559 0.000294
560 0.000352
561 0.000331
562 0.000357
563 0.000333
564 0.000337
565 0.000392
566 0.000581
567 0.000604
568 0.000359
569 0.000549
570 0.000385
571 0.000367
572 0.000584
573 0.000455
574 0.000343
575 0.00037
576 0.000497
577 0.000336
578 0.000427
579 0.000335
580 0.000384
581 0.000297
582 0.000391
583 0.000446
584 0.000455
585 0.000335
586 0.000417
587 0.000301
588 0.000523
589 0.000423
590 0.000418
591 0.000289
592 0.00032
593 0.000438
594 0.000337
595 0.000647
596 0.000395
597 0.000457
598 0.000343
599 0.000322
600 0.000359
601 0.000354
602 0.000422
603 0.000342
604 0.00036
605 0.000386
606 0.000422
607 0.000351
608 0.000338
609 0.000531
610 0.000384
611 0.000364
612 0.000327
613 0.000414
614 0.000418
615 0.000434
616 0.000296
617 0.000313
618 0.000414
619 0.000328
620 0.000383
621 0.000331
622 0.00042
623 0.000304
624 0.000456
625 0.000419
626 0.000474
627 0.000333
628 0.000419
629 0.000268
630 0.000335
631 0.000353
632 0.000359
633 0.000361
634 0.000404
635 0.000543
636 0.000503
637 0.000503
638 0.000635
639 0.000582
640 0.000422
641 0.000406
642 0.000475
643 0.000408
644 0.000352
645 0.000488
646 0.000521
647 0.000529
648 0.000422
649 0.000503
650 0.00053
651 0.000431
652 0.000469
653 0.000418
654 0.000403
655 0.000569
656 0.000472
657 0.001335
658 0.000341
659 0.000282
660 0.000304
661 0.000269
662 0.000253
663 0.000256
664 0.000254
665 0.000255
666 0.000292
667 0.000244
668 0.00026
669 0.000268
670 0.00027
671 0.000231
672 0.000232
673 0.000279
674 0.000275
675 0.000249
676 0.000265
677 0.000248
678 0.000238
679 0.000233
680 0.000247
681 0.00026
682 0.000265
683 0.000243
684 0.000259
685 0.000295
686 0.000275
687 0.000305
688 0.000265
689 0.000247
690 0.000269
691 0.000249
692 0.000242
693 0.000305
694 0.000227
695 0.000243
696 0.000255
697 0.000269
698 0.000237
699 0.000249
700 0.000268
701 0.0003
702 0.000247
703 0.000264
704 0.00024
705 0.000273
706 0.000247
707 0.000268
708 0.000252
709 0.000271
710 0.000276
711 0.000233
712 0.000266
713 0.000261
714 0.000238
715 0.000621
716 0.000283
717 0.000265
718 0.000273
719 0.000224
720 0.000248
721 0.000228
722 0.000302
723 0.000298
724 0.00024
725 0.000265
726 0.000258
727 0.000279
728 0.000285
729 0.000228
730 0.000289
731 0.000238
732 0.000242
733 0.000286
734 0.000247
735 0.000247
736 0.000408
737 0.000233
738 0.000274
739 0.00025
740 0.000263
741 0.000247
742 0.00027
743 0.000243
744 0.000291
745 0.000277
746 0.000255
747 0.000237
748 0.000239
749 0.000255
750 0.000244
751 0.000251
752 0.000282
753 0.000259
754 0.000222
755 0.00028
756 0.000282
757 0.000233
758 0.00025
759 0.000248
760 0.000246
761 0.000297
762 0.000257
763 0.000254
764 0.000275
765 0.00031
766 0.000274
767 0.000263
768 0.000261
769 0.000269
770 0.110089
771 0.000304
772 0.000259
773 0.000243
774 0.000255
775 0.000266
776 0.000294
777 0.000285
778 0.000208
779 0.000237
780 0.000229
781 0.000259
782 0.000238
783 0.00024
784 0.000226
785 0.00027
786 0.000242
787 0.00027
788 0.000238
789 0.000238
790 0.000271
791 0.000277
792 0.000248
793 0.000245
794 0.00023
795 0.000242
796 0.000286
797 0.000295
798 0.000265
799 0.000262
800 0.000251
801 0.000271
802 0.000252
803 0.00024
804 0.000304
805 0.000239
806 0.000241
807 0.000241
808 0.000251
809 0.000238
810 0.00026
811 0.000267
812 0.00027
813 0.000207
814 0.00025
815 0.0003
816 0.00028
817 0.000262
818 0.000256
819 0.00026
820 0.000292
821 0.000257
822 0.00025
823 0.000253
824 0.000589
825 0.000295
826 0.000256
827 0.000238
828 0.000259
829 0.00025
830 0.000259
831 0.000248
832 0.000297
833 0.000319
834 0.000269
835 0.000243
836 0.000304
837 0.000248
838 0.000307
839 0.00026
840 0.000293
841 0.000244
842 0.000232
843 0.000259
844 0.000246
845 0.000248
846 0.000226
847 0.000264
848 0.000249
849 0.000256
850 0.000247
851 0.000261
852 0.000252
853 0.000227
854 0.000228
855 0.000251
856 0.000226
857 0.000263
858 0.000247
859 0.000279
860 0.000239
861 0.000283
862 0.000258
863 0.000265
864 0.00022
865 0.000255
866 0.000249
867 0.000257
868 0.000241
869 0.000286
870 0.000231
871 0.00021
872 0.000475
873 0.000533
874 0.000709
875 0.000231
876 0.00023
877 0.000263
878 0.000236
879 0.000232
880 0.000298
881 0.000261
882 0.000285
883 0.000271
884 0.000273
885 0.000261
886 0.000252
887 0.000241
888 0.000255
889 0.000227
890 0.000264
891 0.00025
892 0.000224
893 0.000366
894 0.00023
895 0.000276
896 0.000263
897 0.000262
898 0.000268
899 0.00023
900 0.000217
901 0.000248
902 0.00026
903 0.00024
904 0.000241
905 0.000216
906 0.000268
907 0.000288
908 0.000257
909 0.000241
910 0.000254
911 0.000293
912 0.000252
913 0.00026
914 0.000274
915 0.000207
916 0.000254
917 0.000263
918 0.000271
919 0.000271
920 0.000314
921 0.000361
922 0.000313
923 0.00027
924 0.000267
925 0.000233
926 0.000223
927 0.000263
928 0.000282
929 0.00022
930 0.000212
931 0.000247
932 0.000255
933 0.000223
934 0.000257
935 0.000259
936 0.000228
937 0.000224
938 0.000251
939 0.000238
940 0.000295
941 0.000281
942 0.000249
943 0.001194
944 0.000272
945 0.000282
946 0.000221
947 0.000255
948 0.00027
949 0.00025
950 0.000235
951 0.000251
952 0.000246
953 0.000229
954 0.000253
955 0.001203
956 0.000263
957 0.000244
958 0.000243
959 0.000221
960 0.000237
961 0.000245
962 0.000247
963 0.000248
964 0.000235
965 0.000225
966 0.000267
967 0.000233
968 0.000233
969 0.000674
970 0.000295
971 0.000242
972 0.000236
973 0.000265
974 0.00022
975 0.000277
976 0.000272
977 0.000272
978 0.000287
979 0.000283
980 0.000251
981 0.000252
982 0.000232
983 0.000249
984 0.000257
985 0.000259
986 0.000256
987 0.000233
988 0.00025
989 0.000246
990 0.000282
991 0.000257
992 0.000235
993 0.000256
994 0.000264
995 0.000303
996 0.000242
997 0.000221
998 0.000349
999 0.000237
1000 0.000268
1001 0.000272
1002 0.00031
1003 0.000253
1004 0.000244
1005 0.000264
1006 0.000223
1007 0.000227
1008 0.000275
1009 0.000214
1010 0.000272
1011 0.000274
1012 0.000239
1013 0.00025
1014 0.000211
1015 0.000252
1016 0.00026
1017 0.000299
1018 0.000186
1019 0.00027
1020 0.000233
1021 0.000228
1022 0.000246
1023 0.000256
1024 0.000243
1025 0.000248
1026 0.000245
1027 0.000217
1028 0.000261
1029 0.000247
1030 0.000274
1031 0.000272
1032 0.000253
1033 0.000226
1034 0.000277
1035 0.00024
1036 0.000294
1037 0.000213
1038 0.000247
1039 0.000246
1040 0.000251
1041 0.000203
1042 0.002133
1043 0.000268
1044 0.000217
1045 0.000255
1046 0.000215
1047 0.000271
1048 0.000227
1049 0.000276
1050 0.0003
1051 0.000249
1052 0.000241
1053 0.000275
1054 0.000275
1055 0.000277
1056 0.000286
1057 0.000243
1058 0.000266
1059 0.000636
1060 0.000288
1061 0.000262
1062 0.000232
1063 0.000236
1064 0.000255
1065 0.000265
1066 0.000242
1067 0.000273
1068 0.000319
1069 0.00036
1070 0.00029
1071 0.000289
1072 0.000262
1073 0.000239
1074 0.000253
1075 0.000244
1076 0.000235
1077 0.000382
1078 0.000286
1079 0.000249
1080 0.000261
1081 0.000277
1082 0.000271
1083 0.000251
1084 0.000272
1085 0.000238
1086 0.00023
1087 0.000228
1088 0.000283
1089 0.000257
1090 0.000241
1091 0.000251
1092 0.000289
1093 0.00025
1094 0.000227
1095 0.00024
1096 0.00028
1097 0.000246
1098 0.000248
1099 0.000348
1100 0.000232
1101 0.000262
1102 0.000263
1103 0.000274
1104 0.000266
1105 0.000292
1106 0.000269
1107 0.000359
1108 0.000238
1109 0.000236
1110 0.000271
1111 0.000233
1112 0.000257
1113 0.000296
1114 0.000275
1115 0.000241
1116 0.00026
1117 0.000235
1118 0.000281
1119 0.0003
1120 0.000269
1121 0.000297
1122 0.000253
1123 0.000228
1124 0.000258
1125 0.000267
1126 0.00026
1127 0.000254
1128 0.000283
1129 0.000256
1130 0.000242
1131 0.000259
1132 0.000252
1133 0.000259
1134 0.000265
1135 0.000254
1136 0.000243
1137 0.000298
1138 0.000665
1139 0.000374
1140 0.000274
1141 0.000204
1142 0.001153
1143 0.000464
1144 0.000318
1145 0.000262
1146 0.000252
1147 0.000264
1148 0.000279
1149 0.000325
1150 0.000279
1151 0.000334
1152 0.000226
1153 0.000271
1154 0.000248
1155 0.00024
1156 0.00028
1157 0.000267
1158 0.000283
1159 0.00027
1160 0.000244
1161 0.000331
1162 0.000299
1163 0.000274
1164 0.000222
1165 0.000302
1166 0.000296
1167 0.000258
1168 0.000264
1169 0.000492
1170 0.000227
1171 0.000274
1172 0.000282
1173 0.000574
1174 0.000264
1175 0.000449
1176 0.00025
1177 0.000457
1178 0.000259
1179 0.000508
1180 0.000286
1181 0.000216
1182 0.000259
1183 0.000438
1184 0.000236
1185 0.000279
1186 0.000464
1187 0.000349
1188 0.000323
1189 0.000378
1190 0.000339
1191 0.000246
1192 0.000475
1193 0.00029
1194 0.000263
1195 0.000265
1196 0.000245
1197 0.000462
1198 0.000366
1199 0.000262
1200 0.000336
1201 0.000256
1202 0.000471
1203 0.000626
1204 0.000559
1205 0.000255
1206 0.000235
1207 0.000369
1208 0.0003
1209 0.000254
1210 0.000264
1211 0.000243
1212 0.00028
1213 0.000254
1214 0.000551
1215 0.000224
1216 0.000257
1217 0.000264
1218 0.000293
1219 0.000245
1220 0.000246
1221 0.0003
1222 0.000264
1223 0.000268
1224 0.001284
1225 0.000333
1226 0.000283
1227 0.000249
1228 0.000225
1229 0.000422
1230 0.000444
1231 0.000288
1232 0.000279
1233 0.000261
1234 0.000353
1235 0.000239
1236 0.0003
1237 0.000246
1238 0.00025
1239 0.000446
1240 0.527759
1241 0.000465
1242 0.000419
1243 0.000435
1244 0.000428
1245 0.000392
1246 0.00039
1247 0.000437
1248 0.000385
1249 0.000416
1250 0.000399
1251 0.000488
1252 0.000421
1253 0.000389
1254 0.000388
1255 0.000452
1256 0.00039
1257 0.000263
1258 0.000171
1259 0.000152
1260 0.000202
1261 0.000164
1262 0.000155
1263 0.000225
1264 0.000222
1265 0.000154
1266 0.000161
1267 0.000136
1268 0.000243
1269 0.00016
1270 0.000178
1271 0.000184
1272 0.000135
1273 0.000167
1274 0.000148
1275 0.00015
1276 0.000193
1277 0.000147
1278 0.000216
1279 0.000166
1280 0.000145
1281 0.000205
1282 0.000142
1283 0.000202
1284 0.000184
1285 0.000124
1286 0.000126
1287 0.000156
1288 0.000152
1289 0.000136
1290 0.000116
1291 0.000206
1292 0.000187
1293 0.000132
1294 0.000246
1295 0.000151
1296 0.000168
1297 0.000181
1298 0.000171
1299 0.00025
1300 0.000143
1301 0.00014
1302 0.000145
1303 0.000406
1304 0.000135
1305 0.000327
1306 0.000121
1307 0.000165
1308 0.000176
1309 0.000167
1310 0.00019
1311 0.00014
1312 0.000132
1313 0.000144
1314 0.000137
1315 0.000211
1316 0.000164
1317 0.000124
1318 0.000121
1319 0.00018
1320 0.000359
1321 0.000216
1322 0.000305
1323 0.000193
1324 0.000169
1325 0.000111
1326 0.000182
1327 0.000139
1328 0.000151
1329 0.000163
1330 0.000165
1331 0.000122
1332 0.000153
1333 0.000142
1334 0.00037
1335 0.000185
1336 0.000267
1337 0.000127
1338 0.000187
1339 0.000154
1340 0.000175
1341 0.000116
1342 0.000165
1343 0.000125
1344 0.000125
1345 0.000111
1346 0.00016
1347 0.000211
1348 0.000244
1349 0.000168
1350 0.000161
1351 0.000199
1352 0.000208
1353 0.00013
1354 0.000134
1355 0.000229
1356 0.000132
1357 0.000219
1358 0.000112
1359 0.00017
1360 0.000146
1361 0.000237
1362 0.000205
1363 0.000173
1364 0.000163
1365 0.000144
1366 0.000137
1367 0.000145
1368 0.000226
1369 0.000161
1370 0.000175
1371 0.000197
1372 0.000155
1373 0.000171
1374 0.000141
1375 0.000364
1376 0.000138
1377 0.000178
1378 0.000147
1379 0.000139
1380 0.000163
1381 0.000256
1382 0.000231
1383 0.000156
1384 0.00015
1385 0.000158
1386 0.000162
1387 0.00015
1388 0.000138
1389 0.000263
1390 0.000127
1391 0.000144
1392 0.000142
1393 0.000173
1394 0.000202
1395 0.000217
1396 0.000151
1397 0.000185
1398 0.000222
1399 0.000157
1400 0.000134
1401 0.000176
1402 0.000105
1403 0.000136
1404 0.000178
1405 0.000208
1406 0.000114
1407 0.000153
1408 0.000241
1409 0.000201
1410 0.000173
1411 0.000132
1412 0.000106
1413 0.000111
1414 0.000235
1415 0.00015
1416 0.000143
1417 0.000134
1418 0.00017
1419 0.00018
1420 0.000165
1421 0.00018
1422 0.000135
1423 0.00015
1424 0.000148
1425 0.000204
1426 0.000193
1427 0.000346
1428 0.000151
1429 0.000225
1430 0.000161
1431 0.000147
1432 0.000163
1433 0.000152
1434 0.000155
1435 0.000178
1436 0.000111
1437 0.000348
1438 0.000166
1439 0.000195
1440 0.000171
1441 0.000222
1442 0.000142
1443 0.000204
1444 0.000172
1445 0.000222
1446 0.00013
1447 0.000153
1448 0.000149
1449 0.000129
1450 0.000194
1451 0.000156
1452 0.000241
1453 0.000146
1454 0.00017
1455 0.000224
1456 0.000137
1457 0.000145
1458 0.000171
1459 0.000375
1460 0.000243
1461 0.000263
1462 0.000248
1463 0.000185
1464 0.000151
1465 0.000176
1466 0.000113
1467 0.000108
1468 0.000236
1469 0.000218
1470 0.000152
1471 0.000124
1472 0.000194
1473 0.000139
1474 0.000149
1475 0.000174
1476 0.000192
1477 0.000204
1478 0.000211
1479 0.00012
1480 0.000158
1481 0.000116
1482 0.000119
1483 0.000207
1484 0.000207
1485 0.000123
1486 0.000112
1487 0.000139
1488 0.000109
1489 0.000117
1490 0.000152
1491 0.000184
1492 0.000196
1493 0.000198
1494 0.000162
1495 0.000126
1496 0.000177
1497 0.000131
1498 0.000152
1499 0.000194
1500 0.000151
1501 0.000206
1502 0.000221
1503 0.000382
1504 0.00013
1505 0.000226
1506 0.000217
1507 0.000185
1508 0.000193
1509 0.000286
1510 0.000205
1511 0.000225
1512 0.000196
1513 0.000163
1514 0.000134
1515 0.000245
1516 0.000143
1517 0.000195
1518 0.000148
1519 0.000178
1520 0.00014
1521 0.000136
1522 0.000165
1523 0.000175
1524 0.000147
1525 0.000347
1526 0.000164
1527 0.000141
1528 0.000145
1529 0.000191
1530 0.000127
1531 0.000235
1532 0.000141
1533 0.000152
1534 0.00016
1535 0.00017
1536 0.000137
1537 0.000238
1538 0.000196
1539 0.000159
1540 0.000151
1541 0.000119
1542 0.000358
1543 0.000207
1544 0.000214
1545 0.000195
1546 0.00015
1547 0.000142
1548 0.000161
1549 0.000121
1550 0.000209
1551 0.000263
1552 0.00019
1553 0.000208
1554 0.000163
1555 0.000148
1556 0.000132
1557 0.00013
1558 0.000088
1559 0.000192
1560 0.000149
1561 0.00014
1562 0.000145
1563 0.000136
1564 0.00013
1565 0.000158
1566 0.000147
1567 0.000152
1568 0.000132
1569 0.000155
1570 0.000141
1571 0.000096
1572 0.000114
1573 0.000157
1574 0.000192
1575 0.00019
1576 0.00015
1577 0.000187
1578 0.000167
1579 0.000149
1580 0.00014
1581 0.000132
1582 0.000145
1583 0.000233
1584 0.00015
1585 0.000244
1586 0.00016
1587 0.000153
1588 0.000131
1589 0.000154
1590 0.000124
1591 0.000156
1592 0.000103
1593 0.000129
1594 0.000163
1595 0.000128
1596 0.00014
1597 0.000155
1598 0.000205
1599 0.000121
1600 0.000231
1601 0.000149
1602 0.000142
1603 0.000178
1604 0.000112
1605 0.000165
1606 0.000185
1607 0.000206
1608 0.000179
1609 0.000172
1610 0.000175
1611 0.000148
1612 0.000101
1613 0.000125
1614 0.000221
1615 0.00013
1616 0.000201
1617 0.000166
1618 0.000144
1619 0.000165
1620 0.00011
1621 0.000147
1622 0.000149
1623 0.000113
1624 0.000195
1625 0.000124
1626 0.000183
1627 0.000181
1628 0.000208
1629 0.000156
1630 0.000182
1631 0.000148
1632 0.000136
1633 0.000142
1634 0.000131
1635 0.000131
1636 0.000168
1637 0.000108
1638 0.000377
1639 0.000229
1640 0.00023
1641 0.000142
1642 0.000207
1643 0.000141
1644 0.000167
1645 0.000139
1646 0.000153
1647 0.000142
1648 0.000134
1649 0.000225
1650 0.000112
1651 0.000134
1652 0.000189
1653 0.000162
1654 0.000143
1655 0.000222
1656 0.000128
1657 0.000131
1658 0.000154
1659 0.000157
1660 0.000131
1661 0.000154
1662 0.000143
1663 0.000165
1664 0.000184
1665 0.000259
1666 0.000137
1667 0.000193
1668 0.000107
1669 0.000149
1670 0.000126
1671 0.000125
1672 0.000135
1673 0.000133
1674 0.000129
1675 0.000166
1676 0.000144
1677 0.000148
1678 0.000131
1679 0.000172
1680 0.000118
1681 0.000116
1682 0.000152
1683 0.000147
1684 0.000154
1685 0.00017
1686 0.000164
1687 0.000117
1688 0.00025
1689 0.000187
1690 0.000178
1691 0.000156
1692 0.000136
1693 0.000145
1694 0.000144
1695 0.00013
1696 0.000126
1697 0.000135
1698 0.000143
1699 0.000198
1700 0.000221
1701 0.000136
1702 0.000219
1703 0.00016
1704 0.000123
1705 0.000154
1706 0.000142
1707 0.000351
1708 0.000191
1709 0.000141
1710 0.000167
1711 0.000169
1712 0.000117
1713 0.000141
1714 0.000214
1715 0.000139
1716 0.000134
1717 0.00015
1718 0.000218
1719 0.00013
1720 0.000127
1721 0.000124
1722 0.000146
1723 0.000112
1724 0.000202
1725 0.000204
1726 0.000274
1727 0.000163
1728 0.000169
1729 0.000168
1730 0.000173
1731 0.000186
1732 0.000142
1733 0.000225
1734 0.000141
1735 0.00017
1736 0.000175
1737 0.000177
1738 0.000125
1739 0.000126
1740 0.000214
1741 0.000143
1742 0.000127
1743 0.000288
1744 0.000209
1745 0.000155
1746 0.000243
1747 0.000145
1748 0.000198
1749 0.000168
1750 0.000203
1751 0.000194
1752 0.00034
1753 0.000167
1754 0.000179
1755 0.000125
1756 0.000169
1757 0.000103
1758 0.000206
1759 0.000177
1760 0.000243
1761 0.000134
1762 0.000292
1763 0.000119
1764 0.000127
1765 0.000183
1766 0.000188
1767 0.00015
1768 0.000177
1769 0.000179
1770 0.000208
1771 0.000207
1772 0.000146
1773 0.000172
1774 0.000171
1775 0.000146
1776 0.00017
1777 0.000186
1778 0.000156
1779 0.000145
1780 0.000148
1781 0.000147
1782 0.000159
1783 0.000187
1784 0.000142
1785 0.000171
1786 0.000178
1787 0.000143
1788 0.00017
1789 0.000185
1790 0.000159
1791 0.000153
1792 0.000152
1793 0.000142
1794 0.000106
1795 0.000188
1796 0.000232
1797 0.000131
1798 0.000132
1799 0.000139
1800 0.000137
1801 0.000152
1802 0.000118
1803 0.000188
1804 0.000152
1805 0.000189
1806 0.000166
1807 0.000166
1808 0.000198
1809 0.000142
1810 0.000192
1811 0.000176
1812 0.000158
1813 0.000126
1814 0.000207
1815 0.000154
1816 0.000195
1817 0.000173
1818 0.000186
1819 0.000115
1820 0.000147
1821 0.00018
1822 0.000159
1823 0.000148
1824 0.000166
1825 0.000179
1826 0.000181
1827 0.00012
1828 0.000152
1829 0.000147
1830 0.000214
1831 0.000125
1832 0.000156
1833 0.000152
1834 0.00015
1835 0.000221
1836 0.000187
1837 0.000128
1838 0.000102
1839 0.000187
1840 0.000125
1841 0.000146
1842 0.000165
1843 0.000144
1844 0.000141
1845 0.000237
1846 0.000194
1847 0.000159
1848 0.000123
1849 0.00017
1850 0.000117
1851 0.000237
1852 0.000136
1853 0.000149
1854 0.000187
1855 0.000144
1856 0.000129
1857 0.00014
1858 0.000128
1859 0.000138
1860 0.000144
1861 0.000161
1862 0.000155
1863 0.000116
1864 0.000163
1865 0.00013
1866 0.000136
1867 0.000109
1868 0.000109
1869 0.000175
1870 0.000107
1871 0.000142
1872 0.00014
1873 0.000115
1874 0.000161
1875 0.000146
1876 0.000159
1877 0.000166
1878 0.000102
1879 0.000102
1880 0.000151
1881 0.000134
1882 0.000139
1883 0.000102
1884 0.000131
1885 0.000121
1886 0.000154
1887 0.000104
1888 0.000133
1889 0.000147
1890 0.000154
1891 0.00014
1892 0.000111
1893 0.000121
1894 0.000149
1895 0.000119
1896 0.000135
1897 0.000128
1898 0.000116
1899 0.000138
1900 0.000146
1901 0.000125
1902 0.000123
1903 0.000146
1904 0.000131
1905 0.000117
1906 0.000148
1907 0.000132
1908 0.000144
1909 0.00013
1910 0.000101
1911 0.000099
1912 0.000139
1913 0.000154
1914 0.000132
1915 0.000144
1916 0.000113
1917 0.000148
1918 0.000163
1919 0.000113
1920 0.000146
1921 0.00011
1922 0.000139
1923 0.000173
1924 0.000113
1925 0.000177
1926 0.000143
1927 0.000146
1928 0.000112
1929 0.000197
1930 0.000188
1931 0.000145
1932 0.000127
1933 0.000109
1934 0.00012
1935 0.000112
1936 0.000148
1937 0.000114
1938 0.000128
1939 0.000121
1940 0.00014
1941 0.000152
1942 0.000128
1943 0.000145
1944 0.000142
1945 0.000101
1946 0.000152
1947 0.000133
1948 0.000133
1949 0.000152
1950 0.000123
1951 0.000121
1952 0.000105
1953 0.000146
1954 0.000126
1955 0.000135
1956 0.000143
1957 0.000137
1958 0.000135
1959 0.000118
1960 0.000135
1961 0.000107
1962 0.000116
1963 0.000088
1964 0.000164
1965 0.000142
1966 0.00011
1967 0.000164
1968 0.000104
1969 0.000149
1970 0.000185
1971 0.000122
1972 0.000114
1973 0.000198
1974 0.000122
1975 0.000114
1976 0.000129
1977 0.000149
1978 0.000144
1979 0.000127
1980 0.000095
1981 0.00011
1982 0.000155
1983 0.000097
1984 0.000122
1985 0.000157
1986 0.0001
1987 0.000163
1988 0.000157
1989 0.00012
1990 0.000174
1991 0.000138
1992 0.000121
1993 0.000124
1994 0.000143
1995 0.000135
1996 0.000129
1997 0.000123
1998 0.000139
1999 0.000111
2000 0.000146
2001 0.000136
2002 0.000095
2003 0.000091
2004 0.000117
2005 0.000161
2006 0.000126
2007 0.000123
2008 0.000135
2009 0.000142
2010 0.000169
2011 0.000085
2012 0.000143
2013 0.000099
2014 0.000137
2015 0.00013
2016 0.000112
2017 0.000121
2018 0.000141
2019 0.000174
2020 0.000157
2021 0.000129
2022 0.000138
2023 0.000134
2024 0.000117
2025 0.00014
2026 0.000135
2027 0.000111
2028 0.000113
2029 0.000117
2030 0.000125
2031 0.000138
2032 0.000144
2033 0.000146
2034 0.000216
2035 0.00014
2036 0.000107
2037 0.000123
2038 0.000093
2039 0.00012
2040 0.000153
2041 0.000145
2042 0.000156
2043 0.000118
2044 0.000149
2045 0.000121
2046 0.000146
2047 0.000138
2048 0.000114
2049 0.000151
2050 0.000118
2051 0.000136
2052 0.000132
2053 0.000137
2054 0.00013
2055 0.000144
2056 0.000107
2057 0.000122
2058 0.000124
2059 0.000135
2060 0.000126
2061 0.000107
2062 0.00011
2063 0.00011
2064 0.00011
2065 0.000133
2066 0.00011
2067 0.000104
2068 0.000181
2069 0.000155
2070 0.000124
2071 0.000136
2072 0.00013
2073 0.000116
2074 0.000107
2075 0.000115
2076 0.000157
2077 0.000123
2078 0.000112
2079 0.000128
2080 0.000109
2081 0.000096
2082 0.000177
2083 0.000119
2084 0.000125
2085 0.00011
2086 0.000174
2087 0.000154
2088 0.000117
2089 0.000101
2090 0.000118
2091 0.00012
2092 0.000127
2093 0.000131
2094 0.000135
2095 0.000122
2096 0.000105
2097 0.000136
2098 0.000126
2099 0.000144
2100 0.000134
2101 0.000132
2102 0.00023
2103 0.000142
2104 0.000141
2105 0.000114
2106 0.000169
2107 0.000118
2108 0.000118
2109 0.000162
2110 0.0001
2111 0.000159
2112 0.000125
2113 0.000114
2114 0.000116
2115 0.000141
2116 0.00012
2117 0.000145
2118 0.000128
2119 0.00012
2120 0.000618
2121 0.000138
2122 0.000124
2123 0.000142
2124 0.000108
2125 0.000142
2126 0.000152
2127 0.000126
2128 0.000117
2129 0.000097
2130 0.000104
2131 0.000146
2132 0.000142
2133 0.000102
2134 0.000106
2135 0.000147
2136 0.000138
2137 0.000147
2138 0.000148
2139 0.000132
2140 0.000121
2141 0.000081
2142 0.000223
2143 0.000149
2144 0.000176
2145 0.000113
2146 0.000119
2147 0.000129
2148 0.000124
2149 0.000153
2150 0.000137
2151 0.000103
2152 0.000125
2153 0.000173
2154 0.000129
2155 0.000156
2156 0.000164
2157 0.000481
2158 0.000141
2159 0.000131
2160 0.000148
2161 0.000166
2162 0.000101
2163 0.0002
2164 0.000133
2165 0.000121
2166 0.000153
2167 0.000115
2168 0.000125
2169 0.00015
2170 0.000101
2171 0.000118
2172 0.000157
2173 0.000133
2174 0.000113
2175 0.000167
2176 0.000115
2177 0.000158
2178 0.000134
2179 0.000119
2180 0.000127
2181 0.00011
2182 0.00011
2183 0.000146
2184 0.000111
2185 0.000125
2186 0.000094
2187 0.000145
2188 0.000146
2189 0.000145
2190 0.000095
2191 0.000158
2192 0.00014
2193 0.000127
2194 0.000127
2195 0.000137
2196 0.000124
2197 0.00015
2198 0.000141
2199 0.000155
2200 0.000097
2201 0.000154
2202 0.000154
2203 0.000115
2204 0.000104
2205 0.000134
2206 0.000103
2207 0.000113
2208 0.00012
2209 0.000139
2210 0.000158
2211 0.000133
2212 0.000104
2213 0.000144
2214 0.000094
2215 0.000135
2216 0.00014
2217 0.000114
2218 0.000155
2219 0.00011
2220 0.000108
2221 0.000136
2222 0.000114
2223 0.000135
2224 0.000117
2225 0.000105
2226 0.000091
2227 0.000139
2228 0.000135
2229 0.000128
2230 0.000128
2231 0.000103
2232 0.000166
2233 0.00012
2234 0.0001
2235 0.000095
2236 0.000207
2237 0.000151
2238 0.000117
2239 0.00015
2240 0.000107
2241 0.000097
2242 0.000128
2243 0.000135
2244 0.000124
2245 0.000129
2246 0.000115
2247 0.000132
2248 0.000146
2249 0.000116
2250 0.000102
2251 0.000138
2252 0.000112
2253 0.000141
2254 0.000126
2255 0.000112
2256 0.000123
2257 0.000124
2258 0.00013
2259 0.000118
2260 0.000105
2261 0.000113
2262 0.000136
2263 0.000161
2264 0.000109
2265 0.000112
2266 0.000135
2267 0.000115
2268 0.000147
2269 0.000125
2270 0.000122
2271 0.000131
2272 0.000482
2273 0.000131
2274 0.000734
2275 0.000106
2276 0.000126
2277 0.000127
2278 0.000121
2279 0.000109
2280 0.000135
2281 0.000109
2282 0.000138
2283 0.000221
2284 0.00017
2285 0.000112
2286 0.000137
2287 0.000105
2288 0.000112
2289 0.000131
2290 0.000124
2291 0.000149
2292 0.000106
2293 0.000128
2294 0.000113
2295 0.000102
2296 0.000107
2297 0.000129
2298 0.000162
2299 0.000101
2300 0.000106
2301 0.000146
2302 0.000104
2303 0.000093
2304 0.006753
2305 0.000133
2306 0.000138
2307 0.000152
2308 0.000119
2309 0.00013
2310 0.000103
2311 0.000112
2312 0.000105
2313 0.000115
2314 0.000112
2315 0.000119
2316 0.000112
2317 0.000121
2318 0.000128
2319 0.000118
2320 0.000107
2321 0.000132
2322 0.000128
2323 0.000157
2324 0.000112
2325 0.000127
2326 0.000127
2327 0.000147
2328 0.000125
2329 0.000101
2330 0.000146
2331 0.000123
2332 0.000101
2333 0.000099
2334 0.000137
2335 0.000147
2336 0.000103
2337 0.000109
2338 0.000152
2339 0.000208
2340 0.000178
2341 0.000122
2342 0.000145
2343 0.00018
2344 0.000119
2345 0.000122
2346 0.000118
2347 0.000099
2348 0.000109
2349 0.0001
2350 0.000109
2351 0.000096
2352 0.000118
2353 0.000162
2354 0.000091
2355 0.000111
2356 0.000146
2357 0.000106
2358 0.000139
2359 0.000128
2360 0.000129
2361 0.000122
2362 0.000143
2363 0.00024
2364 0.000114
2365 0.000095
2366 0.000121
2367 0.000107
2368 0.000097
2369 0.000106
2370 0.000147
2371 0.000113
2372 0.000121
2373 0.000107
2374 0.000114
2375 0.000127
2376 0.000153
2377 0.000201
2378 0.000108
2379 0.000128
2380 0.000109
2381 0.000112
2382 0.000113
2383 0.0001
2384 0.000138
2385 0.000128
2386 0.000117
2387 0.000107
2388 0.000129
2389 0.000116
2390 0.000082
2391 0.000126
2392 0.000098
2393 0.000096
2394 0.000143
2395 0.000124
2396 0.000104
2397 0.000161
2398 0.000173
2399 0.000103
2400 0.000159
2401 0.000103
2402 0.000149
2403 0.000105
2404 0.000132
2405 0.000129
2406 0.000103
2407 0.00015
2408 0.000123
2409 0.000178
2410 0.000139
2411 0.000129
2412 0.000139
2413 0.000118
2414 0.000138
2415 0.000121
2416 0.0001
2417 0.000103
2418 0.00013
2419 0.000127
2420 0.000136
2421 0.000118
2422 0.000159
2423 0.000176
2424 0.000095
2425 0.000103
2426 0.000123
2427 0.000109
2428 0.000106
2429 0.000153
2430 0.000116
2431 0.000135
2432 0.00011
2433 0.000174
2434 0.000134
2435 0.00012
2436 0.000147
2437 0.0001
2438 0.000141
2439 0.000128
2440 0.000139
2441 0.000151
2442 0.000127
2443 0.000133
2444 0.000129
2445 0.000102
2446 0.000121
2447 0.000112
2448 0.000102
2449 0.000106
2450 0.000155
2451 0.000109
2452 0.000143
2453 0.00009
2454 0.000103
2455 0.000123
2456 0.000131
2457 0.000145
2458 0.000125
2459 0.000113
2460 0.000118
2461 0.00036
2462 0.000114
2463 0.000108
2464 0.000127
2465 0.00012
2466 0.000152
2467 0.000184
2468 0.000103
2469 0.000157
2470 0.000159
2471 0.000096
2472 0.000139
2473 0.000107
2474 0.000124
2475 0.000117
2476 0.000164
2477 0.000087
2478 0.000115
2479 0.000135
2480 0.000126
2481 0.000085
2482 0.000123
2483 0.000121
2484 0.000133
2485 0.000138
2486 0.000108
2487 0.000127
2488 0.000105
2489 0.000152
2490 0.000117
2491 0.000147
2492 0.000125
2493 0.000131
2494 0.000111
2495 0.000129
2496 0.00015
2497 0.000108
2498 0.000154
2499 0.000132
2500 0.000133
2501 0.000119
2502 0.000104
2503 0.000128
2504 0.000154
2505 0.000114
2506 0.000128
2507 0.000158
2508 0.00015
2509 0.000104
2510 0.0001
2511 0.000129
2512 0.000193
2513 0.000132
2514 0.000144
2515 0.000126
2516 0.000126
2517 0.000124
2518 0.000104
2519 0.000133
2520 0.000124
2521 0.000136
2522 0.000148
2523 0.000137
2524 0.000123
2525 0.000115
2526 0.000077
2527 0.000158
2528 0.000138
2529 0.000127
2530 0.000135
2531 0.000118
2532 0.000111
2533 0.00013
2534 0.000155
2535 0.000129
2536 0.000093
2537 0.000088
2538 0.000142
2539 0.000117
2540 0.000131
2541 0.000098
2542 0.000123
2543 0.000114
2544 0.000085
2545 0.00008
2546 0.000101
2547 0.000109
2548 0.000145
2549 0.000116
2550 0.000112
2551 0.000141
2552 0.000107
2553 0.000108
2554 0.000163
2555 0.000181
2556 0.000125
2557 0.000106
2558 0.000111
2559 0.000146
2560 0.000135
2561 0.000103
2562 0.000099
2563 0.000137
2564 0.000114
2565 0.000141
2566 0.00011
2567 0.00015
2568 0.000124
2569 0.000123
2570 0.000107
2571 0.000092
2572 0.000118
2573 0.000107
2574 0.000129
2575 0.000119
2576 0.000163
2577 0.000122
2578 0.000111
2579 0.000113
2580 0.000112
2581 0.000115
2582 0.000109
2583 0.000078
2584 0.000141
2585 0.000097
2586 0.00011
2587 0.000093
2588 0.00012
2589 0.00013
2590 0.000115
2591 0.000145
2592 0.000233
2593 0.000251
2594 0.000201
2595 0.000161
2596 0.00011
2597 0.000142
2598 0.000191
2599 0.000124
2600 0.000096
2601 0.000136
2602 0.00015
2603 0.000105
2604 0.000112
2605 0.000102
2606 0.000122
2607 0.000121
2608 0.000121
2609 0.000105
2610 0.000134
2611 0.000097
2612 0.00011
2613 0.000171
2614 0.000105
2615 0.000104
2616 0.000143
2617 0.00014
2618 0.000112
2619 0.000131
2620 0.000122
2621 0.000139
2622 0.000106
2623 0.000143
2624 0.000118
2625 0.000159
2626 0.000102
2627 0.000112
2628 0.000148
2629 0.000122
2630 0.000139
2631 0.000135
2632 0.000127
2633 0.000143
2634 0.000133
2635 0.00012
2636 0.000126
2637 0.000132
2638 0.000152
2639 0.000164
2640 0.000171
2641 0.000145
2642 0.000117
2643 0.000112
2644 0.000096
2645 0.000159
2646 0.000133
2647 0.000104
2648 0.000189
2649 0.000122
2650 0.000132
2651 0.000139
2652 0.000135
2653 0.000113
2654 0.000167
2655 0.000136
2656 0.000117
2657 0.000106
2658 0.00012
2659 0.000096
2660 0.000122
2661 0.000121
2662 0.000149
2663 0.000095
2664 0.000108
2665 0.00011
2666 0.000134
2667 0.000093
2668 0.0001
2669 0.000139
2670 0.000137
2671 0.000131
2672 0.000091
2673 0.000134
2674 0.00012
2675 0.000126
2676 0.00014
2677 0.000132
2678 0.000122
2679 0.000121
2680 0.000131
2681 0.000135
2682 0.000184
2683 0.000131
2684 0.000116
2685 0.000149
2686 0.000122
2687 0.000113
2688 0.000141
2689 0.000146
2690 0.00012
2691 0.000108
2692 0.000121
2693 0.000145
2694 0.000121
2695 0.000118
2696 0.000105
2697 0.000109
2698 0.000158
2699 0.000113
2700 0.0001
2701 0.000153
2702 0.000116
2703 0.00011
2704 0.000116
2705 0.000109
2706 0.000127
2707 0.000132
2708 0.00017
2709 0.000129
2710 0.000118
2711 0.000112
2712 0.000143
2713 0.00015
2714 0.000109
2715 0.000135
2716 0.000126
2717 0.000145
2718 0.000104
2719 0.000106
2720 0.00013
2721 0.000098
2722 0.000135
2723 0.000204
2724 0.000148
2725 0.000129
2726 0.000136
2727 0.000137
2728 0.000129
2729 0.000137
2730 0.000146
2731 0.000109
2732 0.000113
2733 0.000136
2734 0.000109
2735 0.000138
2736 0.000111
2737 0.000111
2738 0.000123
2739 0.000108
2740 0.000159
2741 0.000092
2742 0.000181
2743 0.000123
2744 0.000101
2745 0.000107
2746 0.000185
2747 0.000129
2748 0.000137
2749 0.000131
2750 0.000113
2751 0.000111
2752 0.000133
2753 0.000122
2754 0.00014
2755 0.00008
2756 0.000122
2757 0.000116
2758 0.000124
2759 0.000116
2760 0.000102
2761 0.000129
2762 0.000083
2763 0.000104
2764 0.000161
2765 0.000141
2766 0.000108
2767 0.000136
2768 0.000099
2769 0.000114
2770 0.000116
2771 0.000124
2772 0.000111
2773 0.000132
2774 0.000122
2775 0.000117
2776 0.000095
2777 0.000094
2778 0.00013
2779 0.000115
2780 0.000118
2781 0.000106
2782 0.00013
2783 0.00012
2784 0.00011
2785 0.000129
2786 0.000124
2787 0.000125
2788 0.000086
2789 0.000112
2790 0.000114
2791 0.000106
2792 0.00011
2793 0.000113
2794 0.000121
2795 0.000107
2796 0.000106
2797 0.000109
2798 0.000119
2799 0.000138
2800 0.000096
2801 0.000143
2802 0.000177
2803 0.000119
2804 0.000199
2805 0.000133
2806 0.000137
2807 0.000127
2808 0.00017
2809 0.000154
2810 0.000136
2811 0.000123
2812 0.00014
2813 0.000129
2814 0.000127
2815 0.000147
2816 0.000117
2817 0.000099
2818 0.000115
2819 0.000109
2820 0.0001
2821 0.000163
2822 0.000116
2823 0.000139
2824 0.000109
2825 0.000115
2826 0.000097
2827 0.000117
2828 0.000128
2829 0.000132
2830 0.000108
2831 0.000147
2832 0.000129
2833 0.000114
2834 0.000126
2835 0.000151
2836 0.000101
2837 0.000175
2838 0.000109
2839 0.000172
2840 0.00013
2841 0.000192
2842 0.000132
2843 0.000126
2844 0.000148
2845 0.000106
2846 0.000126
2847 0.000137
2848 0.000094
2849 0.000123
2850 0.000148
2851 0.000104
2852 0.000108
2853 0.00013
2854 0.00013
2855 0.000137
2856 0.000095
2857 0.000195
2858 0.000117
2859 0.000112
2860 0.000111
2861 0.000145
2862 0.000186
2863 0.000172
2864 0.000123
2865 0.000126
2866 0.000148
2867 0.00011
2868 0.000121
2869 0.000117
2870 0.00012
2871 0.000169
2872 0.000127
2873 0.000105
2874 0.000124
2875 0.000132
2876 0.000155
2877 0.000127
2878 0.000112
2879 0.000121
2880 0.000171
2881 0.000116
2882 0.000102
2883 0.00017
2884 0.000125
2885 0.000104
2886 0.000112
2887 0.000092
2888 0.000166
2889 0.000143
2890 0.000127
2891 0.000142
2892 0.000121
2893 0.000119
2894 0.000167
2895 0.000124
2896 0.000164
2897 0.000111
2898 0.000103
2899 0.000144
2900 0.00011
2901 0.000141
2902 0.00018
2903 0.000117
2904 0.000098
2905 0.000126
2906 0.000123
2907 0.000101
2908 0.00011
2909 0.00011
2910 0.000121
2911 0.000115
2912 0.000115
2913 0.000098
2914 0.000202
2915 0.000158
2916 0.000154
2917 0.000121
2918 0.000159
2919 0.000151
2920 0.000121
2921 0.000114
2922 0.000153
2923 0.000105
2924 0.000144
2925 0.000134
2926 0.000155
2927 0.000121
2928 0.000127
2929 0.000123
2930 0.000131
2931 0.000129
2932 0.000133
2933 0.000141
2934 0.000159
2935 0.000092
2936 0.000142
2937 0.000149
2938 0.000105
2939 0.000114
2940 0.000096
2941 0.000172
2942 0.000104
2943 0.000131
2944 0.000152
2945 0.000115
2946 0.00013
2947 0.000097
2948 0.000154
2949 0.000133
2950 0.000113
2951 0.000167
2952 0.000101
2953 0.000132
2954 0.000134
2955 0.000138
2956 0.00012
2957 0.000129
2958 0.00012
2959 0.000104
2960 0.000178
2961 0.000132
2962 0.000149
2963 0.00011
2964 0.000143
2965 0.000121
2966 0.000136
2967 0.000149
2968 0.000121
2969 0.000122
2970 0.0001
2971 0.000188
2972 0.000176
2973 0.000136
2974 0.000143
2975 0.000125
2976 0.000122
2977 0.000136
2978 0.000131
2979 0.000154
2980 0.000106
2981 0.000149
2982 0.000139
2983 0.000123
2984 0.00013
2985 0.000156
2986 0.000121
2987 0.000103
2988 0.00017
2989 0.00011
2990 0.000101
2991 0.000108
2992 0.000114
2993 0.000133
2994 0.000117
2995 0.000127
2996 0.000194
2997 0.000143
2998 0.000159
2999 0.000149
3000 0.000145
3001 0.000119
3002 0.000137
3003 0.000167
3004 0.000144
3005 0.000126
3006 0.000108
3007 0.000124
3008 0.000105
3009 0.000173
3010 0.000138
3011 0.000119
3012 0.000117
3013 0.000103
3014 0.000126
3015 0.000153
3016 0.000094
3017 0.000149
3018 0.000175
3019 0.000133
3020 0.000137
3021 0.000143
3022 0.000105
3023 0.000131
3024 0.000119
3025 0.00011
3026 0.000179
3027 0.000126
3028 0.000111
3029 0.000101
3030 0.000112
3031 0.000104
3032 0.000121
3033 0.000093
3034 0.000202
3035 0.000139
3036 0.000156
3037 0.000124
3038 0.00014
3039 0.000142
3040 0.000132
3041 0.000166
3042 0.000119
3043 0.000148
3044 0.000149
3045 0.000112
3046 0.000111
3047 0.000113
3048 0.000149
3049 0.000183
3050 0.000127
3051 0.000129
3052 0.000149
3053 0.000157
3054 0.000116
3055 0.000113
3056 0.000129
3057 0.000133
3058 0.000104
3059 0.000125
3060 0.000137
3061 0.000135
3062 0.00014
3063 0.00012
3064 0.000132
3065 0.00013
3066 0.000119
3067 0.000148
3068 0.000106
3069 0.000174
3070 0.00011
3071 0.000183
3072 0.000138
3073 0.000113
3074 0.00012
3075 0.000151
3076 0.000162
3077 0.00011
3078 0.000124
3079 0.000155
3080 0.00017
3081 0.000149
3082 0.000142
3083 0.000126
3084 0.000143
3085 0.00015
3086 0.000136
3087 0.000161
3088 0.00012
3089 0.000148
3090 0.000119
3091 0.000128
3092 0.000149
3093 0.000093
3094 0.000125
3095 0.000111
3096 0.000135
3097 0.000136
3098 0.000127
3099 0.000162
3100 0.000115
3101 0.000144
3102 0.000105
3103 0.000126
3104 0.000133
3105 0.000113
3106 0.000123
3107 0.000159
3108 0.000278
3109 0.000135
3110 0.000121
3111 0.000151
3112 0.000116
3113 0.000157
3114 0.000123
3115 0.000119
3116 0.000168
3117 0.000145
3118 0.000146
3119 0.000139
3120 0.000136
3121 0.000111
3122 0.000154
3123 0.000129
3124 0.000122
3125 0.000111
3126 0.000145
3127 0.000128
3128 0.000108
3129 0.000112
3130 0.000115
3131 0.000149
3132 0.00015
3133 0.000107
3134 0.000127
3135 0.000158
3136 0.000158
3137 0.000136
3138 0.000154
3139 0.000153
3140 0.000152
3141 0.000122
3142 0.000132
3143 0.000136
3144 0.000164
3145 0.000153
3146 0.000121
3147 0.000131
3148 0.000131
3149 0.000128
3150 0.000134
3151 0.000108
3152 0.000117
3153 0.00014
3154 0.000154
3155 0.000121
3156 0.000134
3157 0.000143
3158 0.000126
3159 0.00009
3160 0.000146
3161 0.000155
3162 0.000123
3163 0.000134
3164 0.000123
3165 0.000136
3166 0.000127
3167 0.00013
3168 0.000126
3169 0.000147
3170 0.000171
3171 0.000119
3172 0.000155
3173 0.000121
3174 0.000119
3175 0.000107
3176 0.000156
3177 0.000135
3178 0.000098
3179 0.000092
3180 0.000113
3181 0.000208
3182 0.000163
3183 0.000144
3184 0.000148
3185 0.000124
3186 0.000162
3187 0.000109
3188 0.000116
3189 0.00016
3190 0.000136
3191 0.000119
3192 0.000145
3193 0.000141
3194 0.000145
3195 0.000108
3196 0.000181
3197 0.000138
3198 0.00014
3199 0.000186
3200 0.000114
3201 0.000136
3202 0.00011
3203 0.000121
3204 0.000128
3205 0.000135
3206 0.000111
3207 0.000126
3208 0.000159
3209 0.000121
3210 0.000155
3211 0.00015
3212 0.000115
3213 0.000145
3214 0.000119
3215 0.000168
3216 0.000207
3217 0.000154
3218 0.00013
3219 0.00013
3220 0.000122
3221 0.000117
3222 0.000132
3223 0.000165
3224 0.000116
3225 0.000141
3226 0.000129
3227 0.000108
3228 0.000136
3229 0.000111
3230 0.000122
3231 0.00011
3232 0.000177
3233 0.000121
3234 0.000094
3235 0.000121
3236 0.000157
3237 0.000106
3238 0.000127
3239 0.00017
3240 0.000133
3241 0.000159
3242 0.00013
3243 0.000171
3244 0.000089
3245 0.000108
3246 0.000108
3247 0.000135
3248 0.000151
3249 0.000132
3250 0.000104
3251 0.000176
3252 0.000143
3253 0.000122
3254 0.00016
3255 0.000159
3256 0.000136
3257 0.000114
3258 0.000114
3259 0.000118
3260 0.000118
3261 0.000123
3262 0.000153
3263 0.000149
3264 0.000157
3265 0.000098
3266 0.000138
3267 0.000114
3268 0.000132
3269 0.000151
3270 0.000122
3271 0.000142
3272 0.000106
3273 0.000123
3274 0.00012
3275 0.000132
3276 0.000137
3277 0.000136
3278 0.000146
3279 0.000094
3280 0.000143
3281 0.0001
3282 0.000135
3283 0.0001
3284 0.000126
3285 0.000134
3286 0.000239
3287 0.000192
3288 0.000134
3289 0.000141
3290 0.000141
3291 0.00011
3292 0.000116
3293 0.000153
3294 0.000143
3295 0.000129
3296 0.000117
3297 0.000092
3298 0.000147
3299 0.000128
3300 0.000144
3301 0.000117
3302 0.000156
3303 0.000108
3304 0.000104
3305 0.000132
3306 0.000157
3307 0.000126
3308 0.000132
3309 0.000131
3310 0.000127
3311 0.000127
3312 0.000105
3313 0.000115
3314 0.000114
3315 0.000129
3316 0.00014
3317 0.000115
3318 0.00011
3319 0.000118
3320 0.000131
3321 0.000204
3322 0.00017
3323 0.000106
3324 0.000153
3325 0.00014
3326 0.000106
3327 0.000157
3328 0.000101
3329 0.000158
3330 0.000137
3331 0.000123
3332 0.000127
3333 0.00016
3334 0.000132
3335 0.000148
3336 0.000121
3337 0.000135
3338 0.000149
3339 0.000138
3340 0.00015
3341 0.000156
3342 0.000123
3343 0.000131
3344 0.000117
3345 0.000145
3346 0.00015
3347 0.00014
3348 0.000156
3349 0.000141
3350 0.000169
3351 0.000151
3352 0.00012
3353 0.000141
3354 0.000127
3355 0.000122
3356 0.000118
3357 0.00015
3358 0.000148
3359 0.000107
3360 0.000128
3361 0.000133
3362 0.000114
3363 0.001163
3364 0.000142
3365 0.00012
3366 0.000107
3367 0.0001
3368 0.000124
3369 0.000112
3370 0.000163
3371 0.00012
3372 0.000129
3373 0.000163
3374 0.000132
3375 0.000145
3376 0.000148
3377 0.000133
3378 0.000127
3379 0.000148
3380 0.000126
3381 0.000112
3382 0.000135
3383 0.000157
3384 0.000149
3385 0.000141
3386 0.000157
3387 0.000122
3388 0.00015
3389 0.000138
3390 0.000165
3391 0.000135
3392 0.000143
3393 0.000133
3394 0.000115
3395 0.000162
3396 0.000123
3397 0.000122
3398 0.000127
3399 0.000145
3400 0.000154
3401 0.000097
3402 0.000148
3403 0.000124
3404 0.000113
3405 0.000128
3406 0.000137
3407 0.000145
3408 0.00012
3409 0.000133
3410 0.000162
3411 0.000101
3412 0.000129
3413 0.000127
3414 0.000117
3415 0.00012
3416 0.000111
3417 0.000127
3418 0.000128
3419 0.000135
3420 0.000154
3421 0.000144
3422 0.000129
3423 0.000102
3424 0.00011
3425 0.000129
3426 0.000107
3427 0.00012
3428 0.000122
3429 0.00014
3430 0.000155
3431 0.000131
3432 0.000152
3433 0.000131
3434 0.00014
3435 0.000138
3436 0.000136
3437 0.000129
3438 0.00014
3439 0.000151
3440 0.000147
3441 0.000126
3442 0.000123
3443 0.000133
3444 0.000123
3445 0.000128
3446 0.000105
3447 0.000117
3448 0.000136
3449 0.000146
3450 0.000123
3451 0.000131
3452 0.000109
3453 0.000118
3454 0.000141
3455 0.000143
3456 0.000136
3457 0.000217
3458 0.000149
3459 0.000136
3460 0.000141
3461 0.000112
3462 0.000102
3463 0.00021
3464 0.000103
3465 0.000105
3466 0.000157
3467 0.000133
3468 0.000105
3469 0.000146
3470 0.000125
3471 0.000147
3472 0.000124
3473 0.000151
3474 0.000138
3475 0.000162
3476 0.000143
3477 0.000128
3478 0.000145
3479 0.000121
3480 0.000157
3481 0.000125
3482 0.00013
3483 0.000147
3484 0.000138
3485 0.000127
3486 0.000161
3487 0.000107
3488 0.000152
3489 0.000128
3490 0.000125
3491 0.00014
3492 0.000161
3493 0.000099
3494 0.000151
3495 0.000138
3496 0.000116
3497 0.000133
3498 0.000112
3499 0.000144
3500 0.000103
3501 0.000112
3502 0.000173
3503 0.000142
3504 0.000112
3505 0.0001
3506 0.000125
3507 0.000115
3508 0.000131
3509 0.000151
3510 0.000082
3511 0.000127
3512 0.000132
3513 0.000127
3514 0.000115
3515 0.00009
3516 0.000114
3517 0.000129
3518 0.000094
3519 0.00014
3520 0.000172
3521 0.000108
3522 0.000142
3523 0.00012
3524 0.000179
3525 0.000127
3526 0.000118
3527 0.000169
3528 0.000145
3529 0.000124
3530 0.000129
3531 0.000126
3532 0.000129
3533 0.000112
3534 0.000121
3535 0.000136
3536 0.000126
3537 0.000147
3538 0.00016
3539 0.000138
3540 0.000102
3541 0.000118
3542 0.000093
3543 0.000145
3544 0.000143
3545 0.00014
3546 0.000102
3547 0.000106
3548 0.000118
3549 0.000139
3550 0.000119
3551 0.000123
3552 0.000115
3553 0.000142
3554 0.00012
3555 0.000134
3556 0.000109
3557 0.00014
3558 0.000132
3559 0.000124
3560 0.000143
3561 0.000112
3562 0.000112
3563 0.000128
3564 0.000119
3565 0.00013
3566 0.000138
3567 0.000121
3568 0.000134
3569 0.00012
3570 0.000135
3571 0.000129
3572 0.000132
3573 0.00013
3574 0.000136
3575 0.000108
3576 0.000149
3577 0.000131
3578 0.0001
3579 0.000112
3580 0.000129
3581 0.000133
3582 0.000099
3583 0.00011
3584 0.000138
3585 0.00011
3586 0.000107
3587 0.000103
3588 0.000116
3589 0.000177
3590 0.000162
3591 0.000121
3592 0.00011
3593 0.000169
3594 0.00012
3595 0.000151
3596 0.000118
3597 0.000079
3598 0.000086
3599 0.000124
3600 0.00014
3601 0.000133
3602 0.000144
3603 0.000118
3604 0.000098
3605 0.000122
3606 0.000125
3607 0.000123
3608 0.000152
3609 0.000133
3610 0.000106
3611 0.000114
3612 0.000134
3613 0.000128
3614 0.000143
3615 0.00014
3616 0.000116
3617 0.00012
3618 0.00015
3619 0.000117
3620 0.00011
3621 0.000146
3622 0.000111
3623 0.000108
3624 0.000133
3625 0.000131
3626 0.000149
3627 0.000087
3628 0.000111
3629 0.000117
3630 0.00014
3631 0.000116
3632 0.000108
3633 0.000134
3634 0.000125
3635 0.000112
3636 0.000161
3637 0.000112
3638 0.000119
3639 0.000114
3640 0.000143
3641 0.000118
3642 0.00009
3643 0.00014
3644 0.000121
3645 0.000151
3646 0.000159
3647 0.000128
3648 0.000117
3649 0.000129
3650 0.000117
3651 0.000127
3652 0.000078
3653 0.000201
3654 0.000154
3655 0.000112
3656 0.000125
3657 0.000143
3658 0.000093
3659 0.000133
3660 0.000133
3661 0.000111
3662 0.000104
3663 0.000111
3664 0.000142
3665 0.000123
3666 0.000121
3667 0.00013
3668 0.000101
3669 0.000096
3670 0.000148
3671 0.000133
3672 0.000104
3673 0.000104
3674 0.000099
3675 0.000138
3676 0.000111
3677 0.000111
3678 0.00012
3679 0.000094
3680 0.000123
3681 0.000105
3682 0.000087
3683 0.000132
3684 0.000126
3685 0.000089
3686 0.000119
3687 0.000126
3688 0.000134
3689 0.000121
3690 0.000119
3691 0.000111
3692 0.000134
3693 0.000114
3694 0.000112
3695 0.000133
3696 0.000128
3697 0.000149
3698 0.000121
3699 0.00012
3700 0.000111
3701 0.000154
3702 0.000128
3703 0.000098
3704 0.000125
3705 0.000094
3706 0.000107
3707 0.000126
3708 0.000142
3709 0.000149
3710 0.000132
3711 0.000158
3712 0.00014
3713 0.000102
3714 0.00012
3715 0.000114
3716 0.000239
3717 0.000138
3718 0.000131
3719 0.000141
3720 0.000135
3721 0.000137
3722 0.000138
3723 0.000106
3724 0.000147
3725 0.000131
3726 0.000119
3727 0.000103
3728 0.000141
3729 0.000104
3730 0.000097
3731 0.000133
3732 0.000123
3733 0.000121
3734 0.000114
3735 0.000138
3736 0.000137
3737 0.000121
3738 0.000124
3739 0.000137
3740 0.000148
3741 0.000111
3742 0.000133
3743 0.000143
3744 0.000123
3745 0.000099
3746 0.000118
3747 0.000104
3748 0.000141
3749 0.000098
3750 0.000123
3751 0.00013
3752 0.000127
3753 0.000118
3754 0.000096
3755 0.000151
3756 0.000108
3757 0.00016
3758 0.000135
3759 0.000119
3760 0.000135
3761 0.000117
3762 0.000114
3763 0.000111
3764 0.000096
3765 0.000157
3766 0.000096
3767 0.000168
3768 0.000107
3769 0.00011
3770 0.000129
3771 0.000118
3772 0.000115
3773 0.000136
3774 0.000123
3775 0.000108
3776 0.000102
3777 0.000129
3778 0.000164
3779 0.000134
3780 0.000141
3781 0.000105
3782 0.00014
3783 0.000142
3784 0.000113
3785 0.000143
3786 0.000111
3787 0.000159
3788 0.000098
3789 0.000119
3790 0.000122
3791 0.000103
3792 0.000117
3793 0.000127
3794 0.000128
3795 0.00011
3796 0.000116
3797 0.000122
3798 0.00011
3799 0.000104
3800 0.000106
3801 0.000146
3802 0.000113
3803 0.000155
3804 0.000138
3805 0.000159
3806 0.000114
3807 0.000166
3808 0.000135
3809 0.000136
3810 0.000127
3811 0.00017
3812 0.000084
3813 0.000138
3814 0.000106
3815 0.00014
3816 0.000132
3817 0.000153
3818 0.000137
3819 0.000138
3820 0.000109
3821 0.000127
3822 0.000119
3823 0.000167
3824 0.000134
3825 0.000169
3826 0.000117
3827 0.000125
3828 0.000099
3829 0.00016
3830 0.00015
3831 0.000187
3832 0.000159
3833 0.00014
3834 0.000148
3835 0.000143
3836 0.000133
3837 0.000148
3838 0.000128
3839 0.000126
3840 0.000224
3841 0.000113
3842 0.000115
3843 0.00015
3844 0.000161
3845 0.000129
3846 0.000122
3847 0.000115
3848 0.000132
3849 0.000145
3850 0.000129
3851 0.000151
3852 0.00011
3853 0.000125
3854 0.000141
3855 0.00015
3856 0.000166
3857 0.000122
3858 0.000127
3859 0.000146
3860 0.000097
3861 0.000104
3862 0.000111
3863 0.000123
3864 0.000128
3865 0.000109
3866 0.000109
3867 0.000085
3868 0.000103
3869 0.00015
3870 0.00014
3871 0.000112
3872 0.000111
3873 0.00013
3874 0.000142
3875 0.000122
3876 0.000156
3877 0.000122
3878 0.000113
3879 0.000153
3880 0.000133
3881 0.000133
3882 0.00015
3883 0.000133
3884 0.000131
3885 0.000138
3886 0.000125
3887 0.000123
3888 0.000126
3889 0.000118
3890 0.000139
3891 0.000146
3892 0.000142
3893 0.000136
3894 0.000093
3895 0.000144
3896 0.000139
3897 0.00012
3898 0.00013
3899 0.000141
3900 0.000186
3901 0.000146
3902 0.000109
3903 0.000118
3904 0.000163
3905 0.000109
3906 0.000149
3907 0.000144
3908 0.000113
3909 0.000138
3910 0.000117
3911 0.000129
3912 0.00011
3913 0.000148
3914 0.000141
3915 0.000111
3916 0.000154
3917 0.000105
3918 0.000115
3919 0.000143
3920 0.000128
3921 0.000114
3922 0.000127
3923 0.000113
3924 0.000127
3925 0.000112
3926 0.000124
3927 0.000138
3928 0.000127
3929 0.000138
3930 0.000137
3931 0.000115
3932 0.00014
3933 0.000119
3934 0.00015
3935 0.000112
3936 0.000141
3937 0.000123
3938 0.000112
3939 0.000117
3940 0.000136
3941 0.000171
3942 0.000113
3943 0.000102
3944 0.000122
3945 0.000149
3946 0.000134
3947 0.000121
3948 0.000119
3949 0.000148
3950 0.000152
3951 0.000113
3952 0.000102
3953 0.00012
3954 0.000137
3955 0.000109
3956 0.000135
3957 0.000127
3958 0.000141
3959 0.00014
3960 0.000173
3961 0.000161
3962 0.000156
3963 0.000157
3964 0.000146
3965 0.000157
3966 0.000156
3967 0.000103
3968 0.000119
3969 0.000118
3970 0.000112
3971 0.000111
3972 0.000149
3973 0.000121
3974 0.000112
3975 0.000106
3976 0.000108
3977 0.00011
3978 0.000153
3979 0.000139
3980 0.000123
3981 0.000142
3982 0.000108
3983 0.000122
3984 0.000132
3985 0.000108
3986 0.000142
3987 0.00011
3988 0.000103
3989 0.000115
3990 0.000131
3991 0.000153
3992 0.000129
3993 0.000142
3994 0.00011
3995 0.000158
3996 0.000112
3997 0.000122
3998 0.000132
3999 0.000131
4000 0.000128
4001 0.000105
4002 0.000117
4003 0.00011
4004 0.000138
4005 0.000124
4006 0.000141
4007 0.000173
4008 0.000118
4009 0.000188
4010 0.000124
4011 0.000131
4012 0.000139
4013 0.000108
4014 0.000136
4015 0.000119
4016 0.000125
4017 0.000113
4018 0.000179
4019 0.000146
4020 0.000149
4021 0.00015
4022 0.000136
4023 0.000123
4024 0.000111
4025 0.000136
4026 0.000105
4027 0.000147
4028 0.000146
4029 0.000153
4030 0.000115
4031 0.000138
4032 0.000111
4033 0.000161
4034 0.000135
4035 0.000103
4036 0.000123
4037 0.00014
4038 0.000119
4039 0.000117
4040 0.000115
4041 0.000111
4042 0.000112
4043 0.000134
4044 0.000126
4045 0.00012
4046 0.000134
4047 0.000135
4048 0.000123
4049 0.000125
4050 0.000107
4051 0.000117
4052 0.000098
4053 0.000125
4054 0.000125
4055 0.000126
4056 0.000114
4057 0.000126
4058 0.000155
4059 0.000123
4060 0.000114
4061 0.000124
4062 0.000142
4063 0.000152
4064 0.000111
4065 0.000111
4066 0.000161
4067 0.000147
4068 0.000102
4069 0.000102
4070 0.000107
4071 0.000134
4072 0.00012
4073 0.000164
4074 0.000116
4075 0.000123
4076 0.000193
4077 0.000114
4078 0.000135
4079 0.000123
4080 0.000094
4081 0.000104
4082 0.000159
4083 0.000125
4084 0.000111
4085 0.000114
4086 0.000112
4087 0.00013
4088 0.00012
4089 0.000136
4090 0.000139
4091 0.000113
4092 0.000118
4093 0.000129
4094 0.000117
4095 0.000121
4096 0.000133
4097 0.000095
4098 0.000131
4099 0.000145
4100 0.000167
4101 0.000108
4102 0.000107
4103 0.000132
4104 0.000124
4105 0.000174
4106 0.000101
4107 0.000173
4108 0.00014
4109 0.000111
4110 0.00013
4111 0.000117
4112 0.000125
4113 0.000148
4114 0.000128
4115 0.000124
4116 0.000106
4117 0.000132
4118 0.000121
4119 0.000106
4120 0.000143
4121 0.000124
4122 0.000157
4123 0.000137
4124 0.000133
4125 0.000122
4126 0.000132
4127 0.000124
4128 0.000123
4129 0.00013
4130 0.000132
4131 0.000126
4132 0.000115
4133 0.000155
4134 0.00011
4135 0.000134
4136 0.000118
4137 0.000094
4138 0.000178
4139 0.000123
4140 0.000113
4141 0.000116
4142 0.000107
4143 0.000139
4144 0.000173
4145 0.000089
4146 0.000087
4147 0.000144
4148 0.000105
4149 0.000144
4150 0.000119
4151 0.000116
4152 0.000147
4153 0.000178
4154 0.000125
4155 0.000089
4156 0.000115
4157 0.000131
4158 0.000156
4159 0.000119
4160 0.000146
4161 0.000129
4162 0.00013
4163 0.000111
4164 0.000082
4165 0.000133
4166 0.000105
4167 0.000106
4168 0.000103
4169 0.000125
4170 0.000128
4171 0.000119
4172 0.00012
4173 0.000107
4174 0.000148
4175 0.000119
4176 0.000118
4177 0.000084
4178 0.000164
4179 0.000158
4180 0.000136
4181 0.000156
4182 0.000138
4183 0.000143
4184 0.00012
4185 0.000122
4186 0.000111
4187 0.000142
4188 0.000122
4189 0.000139
4190 0.000177
4191 0.000148
4192 0.000159
4193 0.000144
4194 0.000113
4195 0.000157
4196 0.000132
4197 0.000119
4198 0.000109
4199 0.000124
4200 0.000105
4201 0.000089
4202 0.000094
4203 0.000112
4204 0.000151
4205 0.000136
4206 0.000115
4207 0.000171
4208 0.000139
4209 0.000102
4210 0.000123
4211 0.000122
4212 0.000125
4213 0.000151
4214 0.000121
4215 0.000153
4216 0.000116
4217 0.000101
4218 0.000106
4219 0.002022
4220 0.000153
4221 0.00013
4222 0.000182
4223 0.00012
4224 0.000123
4225 0.000096
4226 0.000135
4227 0.000127
4228 0.000143
4229 0.000092
4230 0.000118
4231 0.000138
4232 0.000135
4233 0.000123
4234 0.000128
4235 0.000152
4236 0.000104
4237 0.000135
4238 0.000101
4239 0.000121
4240 0.000113
4241 0.000121
4242 0.000117
4243 0.000137
4244 0.000119
4245 0.000122
4246 0.000142
4247 0.000136
4248 0.000098
4249 0.000134
4250 0.000171
4251 0.000142
4252 0.000161
4253 0.0001
4254 0.000118
4255 0.000118
4256 0.00013
4257 0.000142
4258 0.00013
4259 0.000134
4260 0.00013
4261 0.00014
4262 0.000115
4263 0.000113
4264 0.000123
4265 0.000113
4266 0.00014
4267 0.000107
4268 0.000146
4269 0.000135
4270 0.000144
4271 0.000108
4272 0.000101
4273 0.000091
4274 0.000132
4275 0.000103
4276 0.000134
4277 0.000123
4278 0.000104
4279 0.000111
4280 0.00014
4281 0.000117
4282 0.000098
4283 0.0001
4284 0.000114
4285 0.000145
4286 0.000139
4287 0.000136
4288 0.000135
4289 0.000132
4290 0.000133
4291 0.00012
4292 0.000109
4293 0.000135
4294 0.000145
4295 0.000122
4296 0.000125
4297 0.000116
4298 0.000097
4299 0.000122
4300 0.000129
4301 0.000197
4302 0.000135
4303 0.000137
4304 0.000113
4305 0.000135
4306 0.00014
4307 0.00013
4308 0.000121
4309 0.000119
4310 0.000106
4311 0.000149
4312 0.000142
4313 0.000109
4314 0.000115
4315 0.000125
4316 0.00011
4317 0.000114
4318 0.000183
4319 0.000114
4320 0.000147
4321 0.000143
4322 0.000131
4323 0.000121
4324 0.000138
4325 0.000106
4326 0.000153
4327 0.000104
4328 0.000138
4329 0.000134
4330 0.000148
4331 0.000127
4332 0.00016
4333 0.0001
4334 0.000127
4335 0.00012
4336 0.000126
4337 0.000113
4338 0.000126
4339 0.000134
4340 0.000104
4341 0.000108
4342 0.000137
4343 0.000151
4344 0.000159
4345 0.000149
4346 0.000148
4347 0.000101
4348 0.00011
4349 0.000132
4350 0.000112
4351 0.000136
4352 0.000129
4353 0.000123
4354 0.000106
4355 0.000215
4356 0.000109
4357 0.000116
4358 0.000118
4359 0.000084
4360 0.000106
4361 0.00015
4362 0.000177
4363 0.000134
4364 0.000121
4365 0.000173
4366 0.000127
4367 0.000107
4368 0.000185
4369 0.000147
4370 0.000175
4371 0.000121
4372 0.000144
4373 0.000118
4374 0.000083
4375 0.000144
4376 0.000136
4377 0.000143
4378 0.000147
4379 0.000153
4380 0.000146
4381 0.000118
4382 0.000144
4383 0.000135
4384 0.000136
4385 0.000116
4386 0.000116
4387 0.000123
4388 0.000092
4389 0.000122
4390 0.000132
4391 0.000151
4392 0.000115
4393 0.000123
4394 0.000153
4395 0.000128
4396 0.000116
4397 0.000107
4398 0.000137
4399 0.000162
4400 0.000132
4401 0.000121
4402 0.000147
4403 0.000157
4404 0.000143
4405 0.000132
4406 0.000119
4407 0.000128
4408 0.00013
4409 0.000236
4410 0.000132
4411 0.00011
4412 0.000121
4413 0.000113
4414 0.000116
4415 0.000126
4416 0.000146
4417 0.000139
4418 0.000133
4419 0.000125
4420 0.000122
4421 0.00011
4422 0.00013
4423 0.000125
4424 0.000115
4425 0.000118
4426 0.000141
4427 0.000105
4428 0.000114
4429 0.000122
4430 0.000137
4431 0.000136
4432 0.000154
4433 0.000149
4434 0.000133
4435 0.000124
4436 0.000154
4437 0.000137
4438 0.000137
4439 0.000138
4440 0.000125
4441 0.000125
4442 0.000138
4443 0.000131
4444 0.00014
4445 0.000104
4446 0.000114
4447 0.000118
4448 0.000128
4449 0.000113
4450 0.000132
4451 0.000135
4452 0.000144
4453 0.000149
4454 0.000111
4455 0.000135
4456 0.000139
4457 0.00017
4458 0.00012
4459 0.000134
4460 0.00011
4461 0.00022
4462 0.000117
4463 0.000135
4464 0.000139
4465 0.000145
4466 0.000126
4467 0.000123
4468 0.000156
4469 0.000136
4470 0.000095
4471 0.000168
4472 0.000155
4473 0.000119
4474 0.000117
4475 0.000142
4476 0.000132
4477 0.000163
4478 0.000141
4479 0.000108
4480 0.0001
4481 0.00012
4482 0.000109
4483 0.000118
4484 0.000085
4485 0.000155
4486 0.000105
4487 0.000149
4488 0.00014
4489 0.00014
4490 0.000101
4491 0.000114
4492 0.00015
4493 0.000155
4494 0.000146
4495 0.000144
4496 0.000104
4497 0.000108
4498 0.000113
4499 0.000123
4500 0.000105
4501 0.000106
4502 0.000152
4503 0.000109
4504 0.000153
4505 0.000135
4506 0.000093
4507 0.000178
4508 0.000126
4509 0.000135
4510 0.000117
4511 0.000128
4512 0.000235
4513 0.000121
4514 0.000096
4515 0.000162
4516 0.00014
4517 0.000117
4518 0.000106
4519 0.000129
4520 0.000104
4521 0.000123
4522 0.000105
4523 0.000125
4524 0.000113
4525 0.000129
4526 0.000113
4527 0.000109
4528 0.000121
4529 0.000103
4530 0.0001
4531 0.000159
4532 0.000127
4533 0.000103
4534 0.000144
4535 0.00013
4536 0.000112
4537 0.000163
4538 0.000163
4539 0.000105
4540 0.000129
4541 0.000136
4542 0.000134
4543 0.000148
4544 0.00017
4545 0.000134
4546 0.00014
4547 0.000141
4548 0.000162
4549 0.000142
4550 0.000097
4551 0.000111
4552 0.000132
4553 0.000096
4554 0.00011
4555 0.000103
4556 0.000126
4557 0.000111
4558 0.000139
4559 0.000131
4560 0.000131
4561 0.000148
4562 0.000125
4563 0.000113
4564 0.000173
4565 0.000131
4566 0.000104
4567 0.000124
4568 0.000125
4569 0.000128
4570 0.000107
4571 0.000161
4572 0.000134
4573 0.000104
4574 0.000097
4575 0.000143
4576 0.000189
4577 0.000108
4578 0.000122
4579 0.000127
4580 0.000127
4581 0.000135
4582 0.000136
4583 0.000165
4584 0.000163
4585 0.000116
4586 0.000163
4587 0.000094
4588 0.000112
4589 0.000159
4590 0.000098
4591 0.000143
4592 0.000088
4593 0.000152
4594 0.000107
4595 0.000142
4596 0.00013
4597 0.00017
4598 0.000103
4599 0.000139
4600 0.00012
4601 0.000146
4602 0.00017
4603 0.000106
4604 0.000099
4605 0.000124
4606 0.000159
4607 0.000117
4608 0.000137
4609 0.000116
4610 0.000167
4611 0.000149
4612 0.000107
4613 0.000087
4614 0.000141
4615 0.000197
4616 0.000147
4617 0.000117
4618 0.000139
4619 0.000139
4620 0.000128
4621 0.000129
4622 0.00015
4623 0.000099
4624 0.000113
4625 0.00012
4626 0.000093
4627 0.000106
4628 0.000159
4629 0.000114
4630 0.000102
4631 0.000136
4632 0.000095
4633 0.000137
4634 0.000132
4635 0.00013
4636 0.000125
4637 0.000146
4638 0.000127
4639 0.000113
4640 0.000096
4641 0.000131
4642 0.000139
4643 0.000128
4644 0.000107
4645 0.000136
4646 0.000128
4647 0.000129
4648 0.000137
4649 0.000134
4650 0.000124
4651 0.000174
4652 0.000118
4653 0.00015
4654 0.000125
4655 0.000133
4656 0.000137
4657 0.000134
4658 0.000114
4659 0.000108
4660 0.000144
4661 0.000124
4662 0.000119
4663 0.000116
4664 0.000115
4665 0.00013
4666 0.000211
4667 0.000146
4668 0.000142
4669 0.000102
4670 0.000123
4671 0.00014
4672 0.000106
4673 0.000144
4674 0.000146
4675 0.000131
4676 0.000106
4677 0.00012
4678 0.000121
4679 0.000163
4680 0.000161
4681 0.000104
4682 0.000146
4683 0.000156
4684 0.00013
4685 0.000126
4686 0.000151
4687 0.000119
4688 0.000111
4689 0.000122
4690 0.00014
4691 0.00012
4692 0.000109
4693 0.00014
4694 0.000147
4695 0.000119
4696 0.000124
4697 0.000134
4698 0.000114
4699 0.000113
4700 0.000117
4701 0.000122
4702 0.000118
4703 0.000149
4704 0.000123
4705 0.000124
4706 0.000122
4707 0.000138
4708 0.000145
4709 0.000101
4710 0.000108
4711 0.000128
4712 0.000125
4713 0.000101
4714 0.000124
4715 0.000119
4716 0.000097
4717 0.000165
4718 0.000138
4719 0.00012
4720 0.000127
4721 0.000115
4722 0.000142
4723 0.000104
4724 0.000133
4725 0.000122
4726 0.000115
4727 0.000109
4728 0.000121
4729 0.000166
4730 0.000113
4731 0.000123
4732 0.000118
4733 0.00013
4734 0.000123
4735 0.000107
4736 0.000126
4737 0.000161
4738 0.00015
4739 0.000118
4740 0.000122
4741 0.000105
4742 0.000148
4743 0.000114
4744 0.000122
4745 0.000112
4746 0.000081
4747 0.000119
4748 0.000131
4749 0.000113
4750 0.000123
4751 0.000173
4752 0.000131
4753 0.000105
4754 0.000154
4755 0.000128
4756 0.000111
4757 0.000191
4758 0.00012
4759 0.000102
4760 0.000134
4761 0.000194
4762 0.00014
4763 0.000101
4764 0.000126
4765 0.000152
4766 0.000092
4767 0.000203
4768 0.000132
4769 0.000113
4770 0.000133
4771 0.000187
4772 0.000124
4773 0.00018
4774 0.000128
4775 0.000149
4776 0.000127
4777 0.000167
4778 0.000115
4779 0.000121
4780 0.000167
4781 0.000146
4782 0.000121
4783 0.000115
4784 0.000112
4785 0.000179
4786 0.000144
4787 0.000133
4788 0.000122
4789 0.000143
4790 0.000089
4791 0.000106
4792 0.000158
4793 0.000146
4794 0.000122
4795 0.000151
4796 0.000126
4797 0.000167
4798 0.000129
4799 0.000108
4800 0.000107
4801 0.00015
4802 0.000138
4803 0.000132
4804 0.000141
4805 0.000116
4806 0.000108
4807 0.000143
4808 0.00011
4809 0.000158
4810 0.000145
4811 0.000149
4812 0.000182
4813 0.000143
4814 0.000164
4815 0.000137
4816 0.000112
4817 0.000218
4818 0.000147
4819 0.000115
4820 0.000092
4821 0.000167
4822 0.000153
4823 0.000119
4824 0.0001
4825 0.000104
4826 0.000152
4827 0.000166
4828 0.000141
4829 0.000103
4830 0.000129
4831 0.000151
4832 0.000132
4833 0.000139
4834 0.000141
4835 0.000155
4836 0.000121
4837 0.000136
4838 0.000166
4839 0.00012
4840 0.000142
4841 0.000144
4842 0.000146
4843 0.000117
4844 0.000161
4845 0.000134
4846 0.000109
4847 0.000128
4848 0.000107
4849 0.00013
4850 0.000118
4851 0.00016
4852 0.000104
4853 0.000111
4854 0.00012
4855 0.000138
4856 0.000147
4857 0.00012
4858 0.000122
4859 0.000107
4860 0.000122
4861 0.000109
4862 0.000111
4863 0.000112
4864 0.000142
4865 0.000134
4866 0.000186
4867 0.000143
4868 0.000114
4869 0.000132
4870 0.000109
4871 0.000136
4872 0.000183
4873 0.000143
4874 0.000103
4875 0.000123
4876 0.000167
4877 0.000155
4878 0.000131
4879 0.000107
4880 0.000167
4881 0.00014
4882 0.000142
4883 0.000276
4884 0.000114
4885 0.000133
4886 0.000129
4887 0.000149
4888 0.000095
4889 0.000124
4890 0.000119
4891 0.000159
4892 0.000142
4893 0.000129
4894 0.000128
4895 0.000135
4896 0.000112
4897 0.000162
4898 0.000135
4899 0.000129
4900 0.000156
4901 0.000123
4902 0.000195
4903 0.000191
4904 0.000127
4905 0.000142
4906 0.000137
4907 0.000129
4908 0.000118
4909 0.000157
4910 0.000097
4911 0.000129
4912 0.000138
4913 0.000125
4914 0.000183
4915 0.000112
4916 0.000139
4917 0.000125
4918 0.000142
4919 0.000099
4920 0.000146
4921 0.000162
4922 0.000141
4923 0.000125
4924 0.00013
4925 0.000156
4926 0.000125
4927 0.000141
4928 0.000113
4929 0.000126
4930 0.00014
4931 0.000106
4932 0.000152
4933 0.000138
4934 0.000128
4935 0.000166
4936 0.000163
4937 0.000103
4938 0.000136
4939 0.000113
4940 0.00014
4941 0.000127
4942 0.000109
4943 0.000129
4944 0.000166
4945 0.000108
4946 0.000125
4947 0.000116
4948 0.000151
4949 0.000129
4950 0.000149
4951 0.000126
4952 0.000138
4953 0.000132
4954 0.000125
4955 0.000123
4956 0.000123
4957 0.000137
4958 0.000118
4959 0.000118
4960 0.000104
4961 0.000114
4962 0.000162
4963 0.000127
4964 0.000118
4965 0.000142
4966 0.000122
4967 0.00012
4968 0.000152
4969 0.000135
4970 0.000114
4971 0.000166
4972 0.00014
4973 0.000139
4974 0.000139
4975 0.000146
4976 0.000131
4977 0.000111
4978 0.000121
4979 0.000165
4980 0.000178
4981 0.000132
4982 0.00016
4983 0.000152
4984 0.000114
4985 0.000164
4986 0.00013
4987 0.000129
4988 0.000112
4989 0.00016
4990 0.000134
4991 0.000137
4992 0.000108
4993 0.000112
4994 0.000106
4995 0.0001
4996 0.000127
4997 0.000138
4998 0.000115
4999 0.000115
