1 0.028894
2 0.002503
3 0.006274
4 0.002807
5 0.053631
6 0.001637
7 0.001093
8 0.001137
9 0.000743
10 0.002417
11 0.002596
12 0.000912
13 0.000613
14 0.000874
15 0.001314
16 0.000941
17 0.00065
18 0.000879
19 0.001113
20 0.001715
21 0.000489
22 0.000799
23 0.000642
24 0.001057
25 0.000887
26 0.000955
27 0.000495
28 0.00048
29 0.000978
30 0.000522
31 0.000712
32 0.000962
33 0.002285
34 0.000423
35 0.000821
36 0.000488
37 0.000503
38 0.000849
39 0.000609
40 0.002924
41 0.000559
42 0.000287
43 0.001058
44 0.000619
45 0.000615
46 0.000713
47 0.000445
48 0.000687
49 0.00063
50 0.001026
51 0.000711
52 0.000847
53 0.000437
54 0.0006
55 0.0007
56 0.000551
57 0.000503
58 0.000562
59 0.001457
60 0.000464
61 0.000498
62 0.000395
63 0.000654
64 0.000518
65 0.000364
66 0.000531
67 0.000439
68 0.000695
69 0.004945
70 0.000906
71 0.000592
72 0.000526
73 0.000657
74 0.000566
75 0.000849
76 0.000816
77 0.000487
78 0.000616
79 0.000478
80 0.000601
81 0.001243
82 0.001079
83 0.001202
84 0.001809
85 0.001027
86 0.000996
87 0.000477
88 0.000971
89 0.000477
90 0.000855
91 0.00071
92 0.000927
93 0.000417
94 0.00096
95 0.000738
96 0.000501
97 0.000641
98 0.00036
99 0.000829
100 0.001504
101 0.000693
102 0.000767
103 0.000765
104 0.000889
105 0.000524
106 0.000746
107 0.000406
108 0.000636
109 0.000437
110 0.000397
111 0.000495
112 0.000434
113 0.000529
114 0.000452
115 0.000561
116 0.001375
117 0.001068
118 0.000973
119 0.000655
120 0.000535
121 0.000554
122 0.001582
123 0.000581
124 0.000557
125 0.001449
126 0.001059
127 0.000576
128 0.000608
129 0.001019
130 0.000473
131 0.000488
132 0.00072
133 0.001004
134 0.001279
135 0.000388
136 0.000541
137 0.000965
138 0.000486
139 0.000479
140 0.000533
141 0.001242
142 0.001287
143 0.001247
144 0.000771
145 0.00052
146 0.000658
147 0.000597
148 0.001277
149 0.000314
150 0.000519
151 0.000511
152 0.001771
153 0.001242
154 0.001092
155 0.001175
156 0.000513
157 0.000628
158 0.000503
159 0.001198
160 0.000469
161 0.000442
162 0.000675
163 0.001033
164 0.000535
165 0.000458
166 0.000498
167 0.000502
168 0.000883
169 0.000887
170 0.000621
171 0.000566
172 0.000551
173 0.000523
174 0.000949
175 0.000554
176 0.000475
177 0.000779
178 0.000425
179 0.000947
180 0.001098
181 0.000608
182 0.0008
183 0.001405
184 0.001386
185 0.000472
186 0.000486
187 0.000731
188 0.000414
189 0.000952
190 0.001384
191 0.000545
192 0.001045
193 0.000611
194 0.001423
195 0.000859
196 0.000937
197 0.000995
198 0.000505
199 0.000639
200 0.000647
201 0.000795
202 0.001275
203 0.000608
204 0.000442
205 0.000417
206 0.000987
207 0.000815
208 0.000449
209 0.000658
210 0.000548
211 0.000859
212 0.000818
213 0.000543
214 0.001023
215 0.000676
216 0.000534
217 0.000957
218 0.000541
219 0.001261
220 0.001069
221 0.000551
222 0.001218
223 0.000623
224 0.000358
225 0.000527
226 0.00092
227 0.000924
228 0.00041
229 0.000493
230 0.000452
231 0.000555
232 0.000645
233 0.000437
234 0.001015
235 0.000719
236 0.00036
237 0.000692
238 0.000541
239 0.000894
240 0.0005
241 0.000703
242 0.000813
243 0.001014
244 0.000945
245 0.000916
246 0.001182
247 0.000699
248 0.001039
249 0.001163
250 0.000579
251 0.000412
252 0.000641
253 0.000418
254 0.000479
255 0.00045
256 0.000669
257 0.000673
258 0.000529
259 0.000694
260 0.00047
261 0.000487
262 0.001229
263 0.000616
264 0.000528
265 0.000435
266 0.000516
267 0.001175
268 0.000593
269 0.000393
270 0.001194
271 0.000981
272 0.000831
273 0.000503
274 0.000678
275 0.000695
276 0.00036
277 0.000862
278 0.000474
279 0.000479
280 0.000441
281 0.000959
282 0.000452
283 0.000317
284 0.00022
285 0.000224
286 0.00023
287 0.000343
288 0.000228
289 0.000244
290 0.000286
291 0.00024
292 0.00022
293 0.000231
294 0.000248
295 0.000319
296 0.000438
297 0.000344
298 0.000209
299 0.000374
300 0.00028
301 0.000252
302 0.00022
303 0.000281
304 0.000205
305 0.000178
306 0.000177
307 0.000202
308 0.000246
309 0.00043
310 0.000197
311 0.000224
312 0.00027
313 0.000218
314 0.000281
315 0.000212
316 0.000204
317 0.00037
318 0.000214
319 0.000259
320 0.00018
321 0.000266
322 0.000258
323 0.000206
324 0.000194
325 0.000235
326 0.000202
327 0.000213
328 0.000204
329 0.000207
330 0.000212
331 0.000227
332 0.000187
333 0.000215
334 0.000178
335 0.000184
336 0.000165
337 0.00023
338 0.000185
339 0.000405
340 0.000181
341 0.000222
342 0.000472
343 0.000207
344 0.000499
345 0.000234
346 0.000253
347 0.000475
348 0.000405
349 0.000378
350 0.000253
351 0.000181
352 0.000222
353 0.000311
354 0.000354
355 0.00046
356 0.000261
357 0.00017
358 0.000485
359 0.000454
360 0.000184
361 0.00049
362 0.000341
363 0.000332
364 0.000201
365 0.00019
366 0.000204
367 0.000429
368 0.000256
369 0.000179
370 0.000185
371 0.000208
372 0.00034
373 0.000235
374 0.000211
375 0.000266
376 0.000484
377 0.000188
378 0.000231
379 0.000196
380 0.000523
381 0.000248
382 0.000515
383 0.000292
384 0.000191
385 0.000255
386 0.000251
387 0.000284
388 0.000181
389 0.000307
390 0.0002
391 0.000269
392 0.000183
393 0.00035
394 0.000206
395 0.000204
396 0.000327
397 0.00042
398 0.000225
399 0.000167
400 0.000334
401 0.000479
402 0.000257
403 0.000232
404 0.000218
405 0.000227
406 0.000214
407 0.000263
408 0.000178
409 0.000198
410 0.000357
411 0.000229
412 0.000279
413 0.00019
414 0.000219
415 0.000247
416 0.000302
417 0.000194
418 0.000182
419 0.000436
420 0.000231
421 0.000257
422 0.000184
423 0.000175
424 0.000192
425 0.000448
426 0.000362
427 0.00021
428 0.000319
429 0.000361
430 0.000214
431 0.000212
432 0.000221
433 0.000193
434 0.000171
435 0.000233
436 0.000348
437 0.000223
438 0.000221
439 0.0002
440 0.000265
441 0.000256
442 0.000183
443 0.000394
444 0.000218
445 0.000193
446 0.0002
447 0.000231
448 0.000207
449 0.000262
450 0.000191
451 0.000197
452 0.000242
453 0.000219
454 0.000311
455 0.000256
456 0.00016
457 0.000302
458 0.000213
459 0.000355
460 0.00029
461 0.000353
462 0.00021
463 0.000469
464 0.000182
465 0.000444
466 0.000383
467 0.000368
468 0.000183
469 0.000249
470 0.000224
471 0.000242
472 0.000301
473 0.00037
474 0.000416
475 0.000216
476 0.000244
477 0.000529
478 0.000346
479 0.000214
480 0.000376
481 0.000199
482 0.000365
483 0.000307
484 0.000225
485 0.000205
486 0.000292
487 0.000238
488 0.000238
489 0.00043
490 0.000287
491 0.000151
492 0.000293
493 0.000198
494 0.000198
495 0.000201
496 0.000201
497 0.000229
498 0.000292
499 0.000445
500 0.000249
501 0.000177
502 0.00023
503 0.00024
504 0.000364
505 0.000253
506 0.000397
507 0.000304
508 0.000239
509 0.000227
510 0.000293
511 0.000191
512 0.000161
513 0.000372
514 0.000372
515 0.000333
516 0.000244
517 0.000246
518 0.000228
519 0.000389
520 0.000297
521 0.000268
522 0.000215
523 0.00021
524 0.000252
525 0.000364
526 0.000216
527 0.000251
528 0.000247
529 0.000346
530 0.000324
531 0.000443
532 0.000366
533 0.000502
534 0.000235
535 0.000273
536 0.000416
537 0.000518
538 0.000225
539 0.00035
540 0.00035
541 0.000292
542 0.00025
543 0.000265
544 0.000329
545 0.000271
546 0.000208
547 0.000336
548 0.000194
549 0.000204
550 0.000206
551 0.000227
552 0.000291
553 0.000241
554 0.000261
555 0.000348
556 0.00031
557 0.000174
558 0.00031
559 0.000166
560 0.000224
561 0.000196
562 0.000199
563 0.000294
564 0.000318
565 0.000487
566 0.000521
567 0.00049
568 0.000174
569 0.000286
570 0.00025
571 0.000245
572 0.000386
573 0.000293
574 0.000206
575 0.000245
576 0.000326
577 0.000185
578 0.000404
579 0.000201
580 0.00035
581 0.000186
582 0.000225
583 0.000217
584 0.000374
585 0.000211
586 0.000356
587 0.000186
588 0.000229
589 0.000234
590 0.000375
591 0.000206
592 0.000229
593 0.000195
594 0.000205
595 0.000264
596 0.000223
597 0.000285
598 0.000243
599 0.000183
600 0.000226
601 0.000201
602 0.000351
603 0.000184
604 0.000207
605 0.000231
606 0.000319
607 0.00044
608 0.000195
609 0.000324
610 0.000221
611 0.000235
612 0.000308
613 0.00028
614 0.00032
615 0.000459
616 0.000281
617 0.000215
618 0.000396
619 0.000183
620 0.000366
621 0.000217
622 0.00021
623 0.000154
624 0.000393
625 0.000317
626 0.000237
627 0.000295
628 0.00036
629 0.000207
630 0.000196
631 0.00019
632 0.000347
633 0.000273
634 0.000247
635 0.000405
636 0.000235
637 0.000367
638 0.000302
639 0.000418
640 0.000359
641 0.000224
642 0.000356
643 0.000403
644 0.000168
645 0.000217
646 0.000345
647 0.000519
648 0.000211
649 0.000397
650 0.000354
651 0.000322
652 0.000307
653 0.000204
654 0.000263
655 0.000354
656 0.000395
657 0.000382
658 0.000291
659 0.000207
660 0.000253
661 0.000256
662 0.00021
663 0.000201
664 0.000203
665 0.000264
666 0.000227
667 0.000189
668 0.000218
669 0.000218
670 0.000199
671 0.00018
672 0.000184
673 0.00021
674 0.000243
675 0.000197
676 0.000209
677 0.000212
678 0.000174
679 0.000186
680 0.000205
681 0.000195
682 0.000217
683 0.00021
684 0.000225
685 0.000207
686 0.000217
687 0.00022
688 0.000229
689 0.000181
690 0.000235
691 0.000201
692 0.000216
693 0.000239
694 0.000183
695 0.000198
696 0.000184
697 0.000188
698 0.000189
699 0.000214
700 0.000228
701 0.000206
702 0.000186
703 0.000238
704 0.000172
705 0.000202
706 0.000193
707 0.000251
708 0.000228
709 0.00021
710 0.00026
711 0.000202
712 0.000222
713 0.000233
714 0.000181
715 0.000309
716 0.000226
717 0.000228
718 0.000205
719 0.000208
720 0.000174
721 0.000184
722 0.000208
723 0.000189
724 0.000203
725 0.000192
726 0.000182
727 0.000197
728 0.000246
729 0.000212
730 0.000204
731 0.000183
732 0.000169
733 0.000205
734 0.000181
735 0.000197
736 0.000195
737 0.000199
738 0.000241
739 0.000179
740 0.000197
741 0.000195
742 0.000213
743 0.000197
744 0.00023
745 0.000201
746 0.000214
747 0.000194
748 0.000187
749 0.000179
750 0.000157
751 0.000204
752 0.000212
753 0.000193
754 0.000174
755 0.000198
756 0.000197
757 0.000158
758 0.000202
759 0.000185
760 0.000194
761 0.0002
762 0.000188
763 0.000203
764 0.000177
765 0.000236
766 0.000221
767 0.000241
768 0.000195
769 0.000173
770 0.000336
771 0.000249
772 0.000198
773 0.000188
774 0.000207
775 0.000205
776 0.000238
777 0.000183
778 0.000166
779 0.000179
780 0.000184
781 0.000198
782 0.000215
783 0.000179
784 0.002382
785 0.0002
786 0.000182
787 0.00026
788 0.000193
789 0.000174
790 0.000234
791 0.000226
792 0.000197
793 0.000183
794 0.000179
795 0.000182
796 0.000223
797 0.000234
798 0.000223
799 0.000194
800 0.000198
801 0.000212
802 0.000196
803 0.000175
804 0.000242
805 0.000227
806 0.000206
807 0.000213
808 0.000218
809 0.000201
810 0.000196
811 0.000219
812 0.000183
813 0.000194
814 0.000188
815 0.000228
816 0.000216
817 0.000217
818 0.000185
819 0.000219
820 0.000265
821 0.000238
822 0.000185
823 0.000221
824 0.000285
825 0.000191
826 0.000196
827 0.000204
828 0.000191
829 0.00017
830 0.000195
831 0.000201
832 0.000196
833 0.000198
834 0.000223
835 0.000193
836 0.000207
837 0.00017
838 0.000229
839 0.000192
840 0.000239
841 0.000184
842 0.000185
843 0.000176
844 0.000184
845 0.000197
846 0.000173
847 0.000214
848 0.000164
849 0.000189
850 0.000188
851 0.000253
852 0.00019
853 0.000186
854 0.000197
855 0.000214
856 0.000181
857 0.000226
858 0.00019
859 0.000238
860 0.000189
861 0.000198
862 0.000228
863 0.000254
864 0.000149
865 0.000223
866 0.000207
867 0.000189
868 0.000201
869 0.000248
870 0.00018
871 0.000181
872 0.000361
873 0.000248
874 0.000304
875 0.000176
876 0.000201
877 0.000194
878 0.000181
879 0.000164
880 0.00022
881 0.000187
882 0.00025
883 0.000171
884 0.000179
885 0.000161
886 0.000203
887 0.000182
888 0.000195
889 0.000186
890 0.000209
891 0.000168
892 0.00018
893 0.000217
894 0.000179
895 0.000223
896 0.0002
897 0.000177
898 0.000214
899 0.000172
900 0.000158
901 0.000193
902 0.000207
903 0.000176
904 0.000187
905 0.000173
906 0.000242
907 0.000174
908 0.000162
909 0.000192
910 0.000222
911 0.000202
912 0.000191
913 0.000209
914 0.000205
915 0.000145
916 0.00022
917 0.000222
918 0.000191
919 0.000203
920 0.00024
921 0.002485
922 0.000227
923 0.000181
924 0.000235
925 0.000168
926 0.000239
927 0.000244
928 0.000192
929 0.000189
930 0.000167
931 0.000191
932 0.00016
933 0.000186
934 0.000183
935 0.000172
936 0.00021
937 0.000171
938 0.000189
939 0.000167
940 0.000205
941 0.000214
942 0.000214
943 0.000198
944 0.000237
945 0.000218
946 0.000217
947 0.000188
948 0.000172
949 0.00019
950 0.000172
951 0.000231
952 0.000238
953 0.000168
954 0.000196
955 0.000223
956 0.000228
957 0.000203
958 0.000167
959 0.001141
960 0.000206
961 0.000161
962 0.000221
963 0.000219
964 0.000201
965 0.000178
966 0.000254
967 0.000212
968 0.000171
969 0.000327
970 0.000248
971 0.000228
972 0.000205
973 0.000203
974 0.00019
975 0.000232
976 0.000245
977 0.000245
978 0.00022
979 0.000227
980 0.000214
981 0.000231
982 0.000177
983 0.000188
984 0.000193
985 0.000224
986 0.000209
987 0.00017
988 0.000229
989 0.00017
990 0.000192
991 0.0002
992 0.000204
993 0.000215
994 0.000229
995 0.000231
996 0.00016
997 0.000189
998 0.000201
999 0.00015
1000 0.0002
1001 0.00016
1002 0.000237
1003 0.000194
1004 0.000241
1005 0.000175
1006 0.000181
1007 0.000217
1008 0.000202
1009 0.000178
1010 0.000183
1011 0.000238
1012 0.00019
1013 0.000202
1014 0.000202
1015 0.000268
1016 0.000183
1017 0.00026
1018 0.000152
1019 0.000192
1020 0.000202
1021 0.000167
1022 0.000201
1023 0.000256
1024 0.000164
1025 0.000206
1026 0.000226
1027 0.000192
1028 0.000172
1029 0.000225
1030 0.0002
1031 0.000236
1032 0.000219
1033 0.000207
1034 0.001271
1035 0.000182
1036 0.000242
1037 0.000172
1038 0.000188
1039 0.000205
1040 0.000162
1041 0.000178
1042 0.000258
1043 0.000207
1044 0.000192
1045 0.000182
1046 0.00019
1047 0.000199
1048 0.000182
1049 0.001243
1050 0.000166
1051 0.000193
1052 0.000197
1053 0.000237
1054 0.000212
1055 0.000224
1056 0.000224
1057 0.00021
1058 0.000197
1059 0.000303
1060 0.000204
1061 0.000188
1062 0.000166
1063 0.000188
1064 0.000201
1065 0.000219
1066 0.000192
1067 0.000228
1068 0.00023
1069 0.000203
1070 0.000202
1071 0.000176
1072 0.0002
1073 0.000195
1074 0.000194
1075 0.000175
1076 0.000211
1077 0.000227
1078 0.000242
1079 0.000197
1080 0.000229
1081 0.000212
1082 0.000194
1083 0.000361
1084 0.000207
1085 0.000229
1086 0.00021
1087 0.000188
1088 0.000176
1089 0.000184
1090 0.000172
1091 0.00021
1092 0.000228
1093 0.000179
1094 0.000167
1095 0.000166
1096 0.000206
1097 0.000209
1098 0.000177
1099 0.000253
1100 0.000172
1101 0.000175
1102 0.000162
1103 0.000182
1104 0.000171
1105 0.000236
1106 0.000194
1107 0.000187
1108 0.000191
1109 0.000212
1110 0.000182
1111 0.000187
1112 0.000209
1113 0.000203
1114 0.000217
1115 0.000163
1116 0.000162
1117 0.000178
1118 0.000222
1119 0.000229
1120 0.000201
1121 0.000211
1122 0.000186
1123 0.000184
1124 0.000224
1125 0.000189
1126 0.000173
1127 0.000217
1128 0.000211
1129 0.000169
1130 0.000149
1131 0.000172
1132 0.000208
1133 0.000202
1134 0.000182
1135 0.000171
1136 0.00019
1137 0.000236
1138 0.0007
1139 0.000205
1140 0.000228
1141 0.000142
1142 0.000423
1143 0.000287
1144 0.000244
1145 0.000233
1146 0.000202
1147 0.000211
1148 0.000206
1149 0.000204
1150 0.000212
1151 0.000223
1152 0.000203
1153 0.000219
1154 0.000179
1155 0.000205
1156 0.000217
1157 0.000222
1158 0.000179
1159 0.000182
1160 0.000221
1161 0.000159
1162 0.000212
1163 0.00022
1164 0.000156
1165 0.000232
1166 0.000205
1167 0.00017
1168 0.000192
1169 0.000213
1170 0.000176
1171 0.000219
1172 0.000189
1173 0.000189
1174 0.000218
1175 0.000199
1176 0.000193
1177 0.000187
1178 0.000189
1179 0.000247
1180 0.000173
1181 0.000175
1182 0.000205
1183 0.000224
1184 0.00022
1185 0.000194
1186 0.000213
1187 0.000299
1188 0.000193
1189 0.000184
1190 0.000204
1191 0.00017
1192 0.000284
1193 0.000215
1194 0.000359
1195 0.000183
1196 0.000301
1197 0.000456
1198 0.000209
1199 0.000194
1200 0.000203
1201 0.000176
1202 0.000174
1203 0.000242
1204 0.000207
1205 0.000205
1206 0.000178
1207 0.000244
1208 0.000202
1209 0.000193
1210 0.00018
1211 0.000196
1212 0.000219
1213 0.000175
1214 0.000153
1215 0.000166
1216 0.000175
1217 0.000162
1218 0.000204
1219 0.00017
1220 0.000163
1221 0.000199
1222 0.000176
1223 0.00032
1224 0.000334
1225 0.000235
1226 0.000274
1227 0.000203
1228 0.000206
1229 0.000281
1230 0.000321
1231 0.000198
1232 0.000249
1233 0.000212
1234 0.00024
1235 0.000214
1236 0.000384
1237 0.000181
1238 0.000194
1239 0.000238
1240 0.000742
1241 0.000356
1242 0.000382
1243 0.00036
1244 0.000347
1245 0.000338
1246 0.00029
1247 0.000374
1248 0.000349
1249 0.000385
1250 0.000289
1251 0.000322
1252 0.00034
1253 0.00032
1254 0.000319
1255 0.000368
1256 0.000329
1257 0.000171
1258 0.000172
1259 0.000144
1260 0.000209
1261 0.000138
1262 0.000141
1263 0.000149
1264 0.0002
1265 0.000295
1266 0.00015
1267 0.000153
1268 0.000137
1269 0.000119
1270 0.000154
1271 0.00015
1272 0.000129
1273 0.000143
1274 0.000185
1275 0.000213
1276 0.000161
1277 0.000121
1278 0.000151
1279 0.000149
1280 0.000144
1281 0.000191
1282 0.000143
1283 0.000141
1284 0.000211
1285 0.000114
1286 0.000108
1287 0.000169
1288 0.000115
1289 0.000115
1290 0.000156
1291 0.000192
1292 0.000266
1293 0.000114
1294 0.00017
1295 0.000116
1296 0.000175
1297 0.000134
1298 0.000142
1299 0.000173
1300 0.000146
1301 0.000154
1302 0.000104
1303 0.000225
1304 0.00013
1305 0.000109
1306 0.000112
1307 0.00016
1308 0.000133
1309 0.000152
1310 0.000183
1311 0.000189
1312 0.000183
1313 0.000214
1314 0.00014
1315 0.000205
1316 0.00015
1317 0.000105
1318 0.000103
1319 0.000169
1320 0.000175
1321 0.000161
1322 0.000159
1323 0.000146
1324 0.000113
1325 0.000157
1326 0.000128
1327 0.000148
1328 0.000179
1329 0.000137
1330 0.000145
1331 0.000093
1332 0.000154
1333 0.000124
1334 0.000157
1335 0.000198
1336 0.000223
1337 0.000281
1338 0.000138
1339 0.000148
1340 0.000347
1341 0.000135
1342 0.000141
1343 0.00012
1344 0.00011
1345 0.000097
1346 0.000122
1347 0.000161
1348 0.000145
1349 0.000149
1350 0.000128
1351 0.000142
1352 0.000267
1353 0.000143
1354 0.000129
1355 0.000201
1356 0.000123
1357 0.00018
1358 0.000106
1359 0.000141
1360 0.00014
1361 0.000381
1362 0.000107
1363 0.000184
1364 0.000214
1365 0.00018
1366 0.000151
1367 0.000125
1368 0.000184
1369 0.000105
1370 0.00016
1371 0.000135
1372 0.00013
1373 0.000141
1374 0.000179
1375 0.000193
1376 0.000107
1377 0.000147
1378 0.000112
1379 0.000123
1380 0.000127
1381 0.000129
1382 0.00016
1383 0.000115
1384 0.000118
1385 0.000154
1386 0.000244
1387 0.000227
1388 0.000106
1389 0.000168
1390 0.000133
1391 0.000127
1392 0.000147
1393 0.000132
1394 0.000169
1395 0.000124
1396 0.000096
1397 0.000184
1398 0.000295
1399 0.000105
1400 0.000101
1401 0.000251
1402 0.000101
1403 0.000148
1404 0.00015
1405 0.000267
1406 0.0001
1407 0.000145
1408 0.000234
1409 0.000137
1410 0.000168
1411 0.000187
1412 0.000112
1413 0.00011
1414 0.00024
1415 0.000285
1416 0.000108
1417 0.000292
1418 0.000232
1419 0.0002
1420 0.00015
1421 0.000217
1422 0.000147
1423 0.000149
1424 0.000098
1425 0.000199
1426 0.000163
1427 0.000144
1428 0.000156
1429 0.000221
1430 0.000117
1431 0.000156
1432 0.000119
1433 0.000126
1434 0.000156
1435 0.000172
1436 0.000152
1437 0.00014
1438 0.000173
1439 0.000166
1440 0.00014
1441 0.000185
1442 0.00012
1443 0.000184
1444 0.000139
1445 0.000218
1446 0.000096
1447 0.000124
1448 0.00014
1449 0.000115
1450 0.000171
1451 0.000178
1452 0.000201
1453 0.000138
1454 0.000137
1455 0.000192
1456 0.000119
1457 0.000157
1458 0.000131
1459 0.000166
1460 0.000225
1461 0.000174
1462 0.000204
1463 0.00017
1464 0.000099
1465 0.000131
1466 0.000171
1467 0.000111
1468 0.00026
1469 0.000212
1470 0.000145
1471 0.000111
1472 0.00015
1473 0.000172
1474 0.000154
1475 0.000179
1476 0.000153
1477 0.000152
1478 0.000175
1479 0.000109
1480 0.000131
1481 0.000096
1482 0.000095
1483 0.000314
1484 0.000144
1485 0.000135
1486 0.000129
1487 0.000145
1488 0.000108
1489 0.000128
1490 0.000185
1491 0.000211
1492 0.000186
1493 0.000132
1494 0.000136
1495 0.000119
1496 0.000304
1497 0.000142
1498 0.000115
1499 0.000153
1500 0.000121
1501 0.000183
1502 0.000145
1503 0.00025
1504 0.000124
1505 0.000173
1506 0.00015
1507 0.000156
1508 0.000188
1509 0.00018
1510 0.000209
1511 0.000182
1512 0.000174
1513 0.000376
1514 0.000119
1515 0.00023
1516 0.000202
1517 0.000176
1518 0.000145
1519 0.000136
1520 0.000164
1521 0.000161
1522 0.000186
1523 0.000195
1524 0.000143
1525 0.000133
1526 0.000118
1527 0.000102
1528 0.000149
1529 0.00018
1530 0.000147
1531 0.00015
1532 0.000086
1533 0.000146
1534 0.000174
1535 0.00013
1536 0.000192
1537 0.000241
1538 0.000159
1539 0.00012
1540 0.000117
1541 0.000092
1542 0.000189
1543 0.000203
1544 0.000128
1545 0.000112
1546 0.000164
1547 0.000142
1548 0.00023
1549 0.00019
1550 0.000131
1551 0.000133
1552 0.000133
1553 0.000156
1554 0.000145
1555 0.00012
1556 0.000117
1557 0.000159
1558 0.000099
1559 0.000193
1560 0.000128
1561 0.000142
1562 0.000094
1563 0.000117
1564 0.000132
1565 0.00015
1566 0.000117
1567 0.000132
1568 0.000158
1569 0.000128
1570 0.00012
1571 0.000084
1572 0.000099
1573 0.000197
1574 0.000142
1575 0.00011
1576 0.000118
1577 0.00014
1578 0.000136
1579 0.000129
1580 0.000122
1581 0.000116
1582 0.000092
1583 0.00022
1584 0.000124
1585 0.000208
1586 0.000214
1587 0.000138
1588 0.000105
1589 0.000133
1590 0.00009
1591 0.000148
1592 0.000093
1593 0.000105
1594 0.000135
1595 0.000123
1596 0.000117
1597 0.000156
1598 0.000165
1599 0.000089
1600 0.00018
1601 0.000122
1602 0.000119
1603 0.000164
1604 0.000091
1605 0.000183
1606 0.000161
1607 0.000178
1608 0.000171
1609 0.000173
1610 0.000137
1611 0.000099
1612 0.000095
1613 0.000131
1614 0.000175
1615 0.000114
1616 0.000134
1617 0.000137
1618 0.000106
1619 0.000148
1620 0.000101
1621 0.00013
1622 0.000154
1623 0.000105
1624 0.000119
1625 0.000101
1626 0.000189
1627 0.00015
1628 0.000339
1629 0.000132
1630 0.000165
1631 0.000121
1632 0.000125
1633 0.000142
1634 0.000121
1635 0.000113
1636 0.000156
1637 0.000111
1638 0.00015
1639 0.00019
1640 0.000149
1641 0.00012
1642 0.000182
1643 0.00012
1644 0.00029
1645 0.000121
1646 0.000138
1647 0.000117
1648 0.000111
1649 0.000208
1650 0.0001
1651 0.000133
1652 0.000109
1653 0.00012
1654 0.000115
1655 0.000177
1656 0.000123
1657 0.000118
1658 0.000141
1659 0.000114
1660 0.000182
1661 0.000117
1662 0.000124
1663 0.000179
1664 0.000122
1665 0.00016
1666 0.000183
1667 0.000173
1668 0.000085
1669 0.000102
1670 0.000101
1671 0.000104
1672 0.000097
1673 0.000125
1674 0.000129
1675 0.000269
1676 0.00014
1677 0.0001
1678 0.000117
1679 0.000127
1680 0.000102
1681 0.000093
1682 0.000113
1683 0.000128
1684 0.000121
1685 0.000139
1686 0.000143
1687 0.000109
1688 0.00015
1689 0.000163
1690 0.000161
1691 0.000121
1692 0.000172
1693 0.000153
1694 0.000142
1695 0.000169
1696 0.000101
1697 0.000151
1698 0.000101
1699 0.000161
1700 0.000172
1701 0.000118
1702 0.00019
1703 0.000126
1704 0.000137
1705 0.000101
1706 0.000119
1707 0.000183
1708 0.000179
1709 0.000236
1710 0.000136
1711 0.000136
1712 0.000116
1713 0.000116
1714 0.000198
1715 0.000135
1716 0.000128
1717 0.000165
1718 0.000234
1719 0.000134
1720 0.000102
1721 0.000107
1722 0.000155
1723 0.000104
1724 0.000303
1725 0.00018
1726 0.000083
1727 0.00013
1728 0.000176
1729 0.000163
1730 0.000137
1731 0.000187
1732 0.0001
1733 0.000206
1734 0.000102
1735 0.000212
1736 0.000143
1737 0.000148
1738 0.000118
1739 0.00012
1740 0.000154
1741 0.000152
1742 0.000106
1743 0.000187
1744 0.00017
1745 0.000124
1746 0.000152
1747 0.000099
1748 0.000178
1749 0.000148
1750 0.000217
1751 0.000138
1752 0.000155
1753 0.000209
1754 0.000125
1755 0.000114
1756 0.000147
1757 0.000089
1758 0.000167
1759 0.000154
1760 0.000168
1761 0.000112
1762 0.000155
1763 0.000081
1764 0.000086
1765 0.000174
1766 0.000174
1767 0.000129
1768 0.000139
1769 0.000112
1770 0.000185
1771 0.000124
1772 0.000118
1773 0.000135
1774 0.000136
1775 0.000122
1776 0.000148
1777 0.000149
1778 0.000154
1779 0.000106
1780 0.000098
1781 0.000125
1782 0.000125
1783 0.000118
1784 0.00011
1785 0.000167
1786 0.000155
1787 0.0001
1788 0.000289
1789 0.000126
1790 0.000107
1791 0.000195
1792 0.00014
1793 0.00011
1794 0.000099
1795 0.000156
1796 0.000145
1797 0.00015
1798 0.000161
1799 0.000125
1800 0.000095
1801 0.000108
1802 0.000104
1803 0.000171
1804 0.000129
1805 0.000145
1806 0.000134
1807 0.000143
1808 0.000205
1809 0.000116
1810 0.00017
1811 0.000155
1812 0.000139
1813 0.000116
1814 0.000138
1815 0.000108
1816 0.000165
1817 0.00015
1818 0.000156
1819 0.000098
1820 0.000115
1821 0.000157
1822 0.000134
1823 0.000104
1824 0.000145
1825 0.00014
1826 0.000277
1827 0.000104
1828 0.00009
1829 0.000132
1830 0.000142
1831 0.000085
1832 0.000143
1833 0.00012
1834 0.000146
1835 0.000154
1836 0.00011
1837 0.000102
1838 0.000088
1839 0.000157
1840 0.000088
1841 0.000142
1842 0.00014
1843 0.00014
1844 0.000109
1845 0.000181
1846 0.000155
1847 0.00016
1848 0.000111
1849 0.000109
1850 0.0001
1851 0.000331
1852 0.00015
1853 0.000115
1854 0.000205
1855 0.000097
1856 0.000118
1857 0.000121
1858 0.000095
1859 0.000117
1860 0.000092
1861 0.000095
1862 0.000136
1863 0.000085
1864 0.0001
1865 0.000087
1866 0.0001
1867 0.000096
1868 0.000091
1869 0.00014
1870 0.0001
1871 0.00013
1872 0.0001
1873 0.000122
1874 0.000138
1875 0.00011
1876 0.000139
1877 0.000126
1878 0.000097
1879 0.000097
1880 0.000145
1881 0.000112
1882 0.000081
1883 0.000097
1884 0.000132
1885 0.000101
1886 0.000126
1887 0.00008
1888 0.000106
1889 0.000154
1890 0.000131
1891 0.000111
1892 0.000087
1893 0.000119
1894 0.000129
1895 0.000133
1896 0.000112
1897 0.000149
1898 0.000113
1899 0.000137
1900 0.00013
1901 0.000118
1902 0.000084
1903 0.000109
1904 0.000112
1905 0.000098
1906 0.000126
1907 0.000131
1908 0.000094
1909 0.000106
1910 0.000095
1911 0.000093
1912 0.000126
1913 0.00013
1914 0.000128
1915 0.000133
1916 0.000112
1917 0.000104
1918 0.000125
1919 0.000089
1920 0.000132
1921 0.000096
1922 0.000126
1923 0.000141
1924 0.000095
1925 0.000108
1926 0.00011
1927 0.000115
1928 0.000104
1929 0.000163
1930 0.000154
1931 0.000115
1932 0.000107
1933 0.000088
1934 0.000099
1935 0.000092
1936 0.000106
1937 0.000097
1938 0.000113
1939 0.000093
1940 0.000097
1941 0.000128
1942 0.000105
1943 0.000134
1944 0.000108
1945 0.000198
1946 0.000115
1947 0.000145
1948 0.000127
1949 0.00012
1950 0.000112
1951 0.000124
1952 0.000122
1953 0.00013
1954 0.000107
1955 0.0001
1956 0.00013
1957 0.00012
1958 0.000091
1959 0.000099
1960 0.0001
1961 0.000097
1962 0.000092
1963 0.000076
1964 0.000117
1965 0.000134
1966 0.000087
1967 0.000112
1968 0.0001
1969 0.000097
1970 0.000163
1971 0.0001
1972 0.000091
1973 0.000153
1974 0.000095
1975 0.000092
1976 0.000105
1977 0.000123
1978 0.000132
1979 0.00011
1980 0.000093
1981 0.00009
1982 0.000128
1983 0.000085
1984 0.000101
1985 0.000116
1986 0.000087
1987 0.000137
1988 0.000132
1989 0.000122
1990 0.000144
1991 0.000138
1992 0.000114
1993 0.000125
1994 0.000111
1995 0.000115
1996 0.000114
1997 0.000107
1998 0.000117
1999 0.000098
2000 0.000116
2001 0.000094
2002 0.000105
2003 0.000088
2004 0.000095
2005 0.000131
2006 0.000114
2007 0.000101
2008 0.000103
2009 0.000123
2010 0.00014
2011 0.000094
2012 0.000145
2013 0.000116
2014 0.000111
2015 0.000118
2016 0.000096
2017 0.000125
2018 0.000109
2019 0.00013
2020 0.000164
2021 0.000097
2022 0.000111
2023 0.000099
2024 0.000112
2025 0.000177
2026 0.000107
2027 0.000103
2028 0.00011
2029 0.000099
2030 0.000105
2031 0.000104
2032 0.000107
2033 0.000129
2034 0.000177
2035 0.000136
2036 0.000087
2037 0.000125
2038 0.000096
2039 0.000111
2040 0.000125
2041 0.00014
2042 0.000137
2043 0.000107
2044 0.00011
2045 0.000097
2046 0.000128
2047 0.000108
2048 0.000079
2049 0.000135
2050 0.000103
2051 0.000109
2052 0.000111
2053 0.000123
2054 0.000118
2055 0.000118
2056 0.000104
2057 0.000122
2058 0.000115
2059 0.000108
2060 0.000107
2061 0.000085
2062 0.000118
2063 0.000089
2064 0.000093
2065 0.000118
2066 0.000098
2067 0.000072
2068 0.000166
2069 0.00011
2070 0.000119
2071 0.000125
2072 0.0001
2073 0.000103
2074 0.000079
2075 0.0001
2076 0.000127
2077 0.000131
2078 0.000092
2079 0.000108
2080 0.000113
2081 0.000072
2082 0.000148
2083 0.000098
2084 0.00013
2085 0.000097
2086 0.000148
2087 0.000125
2088 0.000093
2089 0.000091
2090 0.000116
2091 0.000101
2092 0.00011
2093 0.00012
2094 0.000092
2095 0.000115
2096 0.000089
2097 0.000107
2098 0.000105
2099 0.000149
2100 0.00011
2101 0.000141
2102 0.000372
2103 0.000126
2104 0.000129
2105 0.000117
2106 0.000123
2107 0.000121
2108 0.00011
2109 0.000133
2110 0.000085
2111 0.000099
2112 0.000103
2113 0.000112
2114 0.000094
2115 0.000133
2116 0.000127
2117 0.000125
2118 0.000116
2119 0.00013
2120 0.000163
2121 0.000107
2122 0.000094
2123 0.000119
2124 0.000101
2125 0.000105
2126 0.000102
2127 0.000109
2128 0.000111
2129 0.000082
2130 0.000091
2131 0.000097
2132 0.000124
2133 0.000085
2134 0.000097
2135 0.000095
2136 0.000079
2137 0.000165
2138 0.00013
2139 0.000115
2140 0.000101
2141 0.000076
2142 0.000166
2143 0.000124
2144 0.000105
2145 0.000106
2146 0.000098
2147 0.000119
2148 0.000115
2149 0.000142
2150 0.000124
2151 0.000096
2152 0.000127
2153 0.000142
2154 0.000113
2155 0.000103
2156 0.000117
2157 0.000128
2158 0.000115
2159 0.000105
2160 0.000106
2161 0.000163
2162 0.000103
2163 0.000111
2164 0.000105
2165 0.000112
2166 0.00011
2167 0.000103
2168 0.000134
2169 0.000115
2170 0.000083
2171 0.000094
2172 0.00012
2173 0.000106
2174 0.00008
2175 0.000132
2176 0.000141
2177 0.000149
2178 0.000112
2179 0.000133
2180 0.000114
2181 0.000118
2182 0.000091
2183 0.000125
2184 0.00013
2185 0.000123
2186 0.00009
2187 0.000113
2188 0.000138
2189 0.000116
2190 0.000098
2191 0.000122
2192 0.000119
2193 0.000106
2194 0.000109
2195 0.000105
2196 0.000095
2197 0.000142
2198 0.000116
2199 0.000139
2200 0.000099
2201 0.000109
2202 0.00012
2203 0.000099
2204 0.000095
2205 0.00013
2206 0.000114
2207 0.000084
2208 0.000138
2209 0.000105
2210 0.000107
2211 0.000099
2212 0.000071
2213 0.000101
2214 0.000072
2215 0.000128
2216 0.000131
2217 0.0001
2218 0.000138
2219 0.000082
2220 0.000102
2221 0.000119
2222 0.000103
2223 0.000112
2224 0.000087
2225 0.000089
2226 0.0001
2227 0.000099
2228 0.00012
2229 0.00011
2230 0.000094
2231 0.000092
2232 0.000151
2233 0.000102
2234 0.000095
2235 0.000067
2236 0.000096
2237 0.000116
2238 0.000093
2239 0.000142
2240 0.000111
2241 0.000135
2242 0.000116
2243 0.000111
2244 0.000188
2245 0.000135
2246 0.00011
2247 0.000109
2248 0.000117
2249 0.000104
2250 0.000094
2251 0.000139
2252 0.000167
2253 0.000127
2254 0.000107
2255 0.000101
2256 0.000126
2257 0.0001
2258 0.000126
2259 0.000092
2260 0.000096
2261 0.000089
2262 0.000113
2263 0.000261
2264 0.000105
2265 0.000099
2266 0.000117
2267 0.00009
2268 0.000121
2269 0.000104
2270 0.000082
2271 0.000106
2272 0.000123
2273 0.000175
2274 0.00013
2275 0.00008
2276 0.000133
2277 0.000159
2278 0.000109
2279 0.000092
2280 0.000119
2281 0.000088
2282 0.000097
2283 0.000305
2284 0.00016
2285 0.000116
2286 0.000099
2287 0.000077
2288 0.000111
2289 0.000111
2290 0.000131
2291 0.000131
2292 0.000093
2293 0.000106
2294 0.000085
2295 0.000098
2296 0.0001
2297 0.000115
2298 0.000124
2299 0.000088
2300 0.000084
2301 0.000111
2302 0.000108
2303 0.000073
2304 0.000166
2305 0.000112
2306 0.00012
2307 0.000147
2308 0.000107
2309 0.00011
2310 0.000095
2311 0.000103
2312 0.000093
2313 0.000108
2314 0.0001
2315 0.000093
2316 0.000106
2317 0.000086
2318 0.000104
2319 0.000109
2320 0.0001
2321 0.000124
2322 0.000112
2323 0.000129
2324 0.000106
2325 0.000112
2326 0.000122
2327 0.000126
2328 0.00012
2329 0.00007
2330 0.000142
2331 0.000102
2332 0.000085
2333 0.000085
2334 0.000108
2335 0.00012
2336 0.000093
2337 0.000117
2338 0.000141
2339 0.000178
2340 0.000143
2341 0.000106
2342 0.00009
2343 0.000138
2344 0.000104
2345 0.000112
2346 0.000124
2347 0.000096
2348 0.000113
2349 0.000094
2350 0.000087
2351 0.000087
2352 0.000103
2353 0.000143
2354 0.000077
2355 0.000105
2356 0.00012
2357 0.000092
2358 0.000102
2359 0.000114
2360 0.000109
2361 0.000144
2362 0.000125
2363 0.000189
2364 0.000071
2365 0.000074
2366 0.000106
2367 0.000119
2368 0.000092
2369 0.000102
2370 0.000113
2371 0.000086
2372 0.000093
2373 0.000084
2374 0.000092
2375 0.00011
2376 0.000135
2377 0.000163
2378 0.000085
2379 0.000105
2380 0.000078
2381 0.000096
2382 0.0001
2383 0.000098
2384 0.000109
2385 0.000108
2386 0.000095
2387 0.000086
2388 0.000113
2389 0.000087
2390 0.00008
2391 0.000102
2392 0.000095
2393 0.00008
2394 0.000142
2395 0.000106
2396 0.000115
2397 0.000139
2398 0.000132
2399 0.000082
2400 0.000134
2401 0.000102
2402 0.000133
2403 0.000096
2404 0.000116
2405 0.00011
2406 0.000094
2407 0.000093
2408 0.000112
2409 0.000153
2410 0.00011
2411 0.000086
2412 0.000107
2413 0.000083
2414 0.00011
2415 0.000108
2416 0.000087
2417 0.000104
2418 0.00011
2419 0.000113
2420 0.000094
2421 0.000113
2422 0.000128
2423 0.000178
2424 0.000105
2425 0.000083
2426 0.000129
2427 0.000112
2428 0.000081
2429 0.00011
2430 0.00011
2431 0.000108
2432 0.000139
2433 0.000111
2434 0.000102
2435 0.000133
2436 0.00012
2437 0.00009
2438 0.000147
2439 0.000133
2440 0.000097
2441 0.000101
2442 0.000111
2443 0.000118
2444 0.000122
2445 0.000108
2446 0.000106
2447 0.000104
2448 0.000109
2449 0.000092
2450 0.000149
2451 0.000091
2452 0.000102
2453 0.00008
2454 0.000078
2455 0.000109
2456 0.000102
2457 0.000103
2458 0.0001
2459 0.000111
2460 0.000083
2461 0.000108
2462 0.000082
2463 0.00008
2464 0.000087
2465 0.000094
2466 0.000148
2467 0.000136
2468 0.000137
2469 0.000127
2470 0.00013
2471 0.000115
2472 0.000105
2473 0.000113
2474 0.000096
2475 0.000094
2476 0.000146
2477 0.000086
2478 0.000095
2479 0.000118
2480 0.0001
2481 0.000075
2482 0.000104
2483 0.000087
2484 0.000132
2485 0.000134
2486 0.000092
2487 0.000113
2488 0.000091
2489 0.000119
2490 0.00009
2491 0.000111
2492 0.000115
2493 0.000106
2494 0.000099
2495 0.0001
2496 0.000136
2497 0.000091
2498 0.000131
2499 0.000129
2500 0.000107
2501 0.000085
2502 0.000065
2503 0.000108
2504 0.000116
2505 0.000149
2506 0.000121
2507 0.000107
2508 0.00012
2509 0.000105
2510 0.000095
2511 0.000105
2512 0.000127
2513 0.000112
2514 0.000133
2515 0.000128
2516 0.000125
2517 0.000099
2518 0.000087
2519 0.00013
2520 0.000114
2521 0.000132
2522 0.000143
2523 0.000122
2524 0.000118
2525 0.000108
2526 0.000071
2527 0.00014
2528 0.000131
2529 0.000132
2530 0.000107
2531 0.000103
2532 0.000092
2533 0.000104
2534 0.000125
2535 0.000099
2536 0.000081
2537 0.000084
2538 0.000142
2539 0.000105
2540 0.000122
2541 0.000074
2542 0.000087
2543 0.000104
2544 0.000073
2545 0.000064
2546 0.000094
2547 0.000116
2548 0.000117
2549 0.000085
2550 0.000099
2551 0.000118
2552 0.000082
2553 0.0001
2554 0.000129
2555 0.000114
2556 0.000116
2557 0.000106
2558 0.000111
2559 0.000149
2560 0.0001
2561 0.000086
2562 0.000095
2563 0.000132
2564 0.000097
2565 0.000105
2566 0.000115
2567 0.000099
2568 0.00014
2569 0.000104
2570 0.000121
2571 0.000089
2572 0.000121
2573 0.000091
2574 0.000119
2575 0.000108
2576 0.000129
2577 0.000135
2578 0.000104
2579 0.000118
2580 0.000115
2581 0.000089
2582 0.000097
2583 0.000087
2584 0.000095
2585 0.00009
2586 0.000098
2587 0.000101
2588 0.000115
2589 0.000092
2590 0.000098
2591 0.000487
2592 0.000161
2593 0.000184
2594 0.000191
2595 0.000149
2596 0.000092
2597 0.000113
2598 0.000125
2599 0.000119
2600 0.000089
2601 0.00011
2602 0.000143
2603 0.000088
2604 0.000126
2605 0.000081
2606 0.000089
2607 0.000097
2608 0.000095
2609 0.000084
2610 0.000124
2611 0.000078
2612 0.00009
2613 0.000131
2614 0.000076
2615 0.000085
2616 0.000109
2617 0.000104
2618 0.000094
2619 0.000115
2620 0.000115
2621 0.000145
2622 0.000082
2623 0.000103
2624 0.000097
2625 0.000149
2626 0.000101
2627 0.000089
2628 0.000132
2629 0.000087
2630 0.000105
2631 0.000126
2632 0.000116
2633 0.00012
2634 0.000123
2635 0.000091
2636 0.000104
2637 0.000119
2638 0.000116
2639 0.00012
2640 0.000101
2641 0.000101
2642 0.0001
2643 0.000094
2644 0.000085
2645 0.000127
2646 0.000133
2647 0.000084
2648 0.000191
2649 0.000109
2650 0.000108
2651 0.000093
2652 0.00013
2653 0.000105
2654 0.000116
2655 0.000103
2656 0.000098
2657 0.000091
2658 0.0001
2659 0.00008
2660 0.000095
2661 0.000104
2662 0.000118
2663 0.000096
2664 0.000097
2665 0.000099
2666 0.000089
2667 0.000087
2668 0.000097
2669 0.000119
2670 0.000096
2671 0.000114
2672 0.000096
2673 0.000127
2674 0.000068
2675 0.000079
2676 0.000128
2677 0.000108
2678 0.000106
2679 0.000117
2680 0.000116
2681 0.000119
2682 0.000122
2683 0.000105
2684 0.00011
2685 0.000107
2686 0.000103
2687 0.0001
2688 0.000087
2689 0.000094
2690 0.000109
2691 0.000099
2692 0.000092
2693 0.000105
2694 0.000105
2695 0.000098
2696 0.000081
2697 0.000077
2698 0.000116
2699 0.000084
2700 0.000104
2701 0.000133
2702 0.000082
2703 0.000079
2704 0.00009
2705 0.000078
2706 0.000125
2707 0.000105
2708 0.000137
2709 0.000105
2710 0.000099
2711 0.0001
2712 0.000092
2713 0.000132
2714 0.000094
2715 0.000113
2716 0.000089
2717 0.000118
2718 0.000093
2719 0.000082
2720 0.000101
2721 0.000077
2722 0.000096
2723 0.000148
2724 0.000109
2725 0.000116
2726 0.000125
2727 0.000127
2728 0.000111
2729 0.000145
2730 0.000135
2731 0.000089
2732 0.000101
2733 0.000117
2734 0.000108
2735 0.000125
2736 0.000099
2737 0.000086
2738 0.000102
2739 0.000099
2740 0.000104
2741 0.00008
2742 0.00015
2743 0.000103
2744 0.00008
2745 0.000089
2746 0.000129
2747 0.000087
2748 0.000128
2749 0.0001
2750 0.000118
2751 0.000084
2752 0.000115
2753 0.000094
2754 0.000121
2755 0.000091
2756 0.000121
2757 0.000104
2758 0.000103
2759 0.000095
2760 0.00008
2761 0.000122
2762 0.000072
2763 0.000097
2764 0.00009
2765 0.000103
2766 0.000122
2767 0.000123
2768 0.00009
2769 0.000127
2770 0.000078
2771 0.000097
2772 0.000089
2773 0.000111
2774 0.0001
2775 0.000103
2776 0.000099
2777 0.000099
2778 0.000112
2779 0.000093
2780 0.000106
2781 0.000089
2782 0.000089
2783 0.000121
2784 0.000114
2785 0.000115
2786 0.000113
2787 0.000119
2788 0.000072
2789 0.000091
2790 0.000099
2791 0.000103
2792 0.000096
2793 0.000091
2794 0.000101
2795 0.000088
2796 0.000099
2797 0.000106
2798 0.000123
2799 0.000095
2800 0.000077
2801 0.000105
2802 0.000146
2803 0.000114
2804 0.000132
2805 0.000121
2806 0.000116
2807 0.0001
2808 0.000153
2809 0.000124
2810 0.000118
2811 0.000107
2812 0.000127
2813 0.000137
2814 0.000117
2815 0.000141
2816 0.000105
2817 0.00011
2818 0.000094
2819 0.000088
2820 0.000089
2821 0.000116
2822 0.00009
2823 0.000114
2824 0.000079
2825 0.000098
2826 0.000072
2827 0.000087
2828 0.000098
2829 0.000103
2830 0.000096
2831 0.000143
2832 0.000117
2833 0.000078
2834 0.000089
2835 0.000124
2836 0.000097
2837 0.000146
2838 0.000079
2839 0.000122
2840 0.000115
2841 0.000165
2842 0.000095
2843 0.000077
2844 0.000122
2845 0.000119
2846 0.000092
2847 0.000112
2848 0.000091
2849 0.000111
2850 0.000135
2851 0.000089
2852 0.000095
2853 0.000097
2854 0.000089
2855 0.000092
2856 0.000074
2857 0.000173
2858 0.000116
2859 0.000095
2860 0.000096
2861 0.000092
2862 0.000151
2863 0.000122
2864 0.000092
2865 0.000128
2866 0.000117
2867 0.00011
2868 0.000101
2869 0.000105
2870 0.0001
2871 0.000128
2872 0.000107
2873 0.00008
2874 0.000101
2875 0.000117
2876 0.000135
2877 0.000105
2878 0.0001
2879 0.000108
2880 0.000147
2881 0.000099
2882 0.000087
2883 0.00015
2884 0.000117
2885 0.000095
2886 0.000105
2887 0.000093
2888 0.000163
2889 0.00011
2890 0.000105
2891 0.000106
2892 0.000094
2893 0.000113
2894 0.000162
2895 0.000108
2896 0.000154
2897 0.000105
2898 0.000102
2899 0.00011
2900 0.000078
2901 0.00013
2902 0.000173
2903 0.000114
2904 0.000089
2905 0.000093
2906 0.000103
2907 0.000099
2908 0.00009
2909 0.000104
2910 0.000112
2911 0.000097
2912 0.000093
2913 0.00008
2914 0.000138
2915 0.000104
2916 0.000103
2917 0.000096
2918 0.000136
2919 0.000125
2920 0.000104
2921 0.000116
2922 0.000118
2923 0.000096
2924 0.000138
2925 0.000104
2926 0.000152
2927 0.000106
2928 0.000096
2929 0.000087
2930 0.00011
2931 0.000125
2932 0.000127
2933 0.000143
2934 0.000138
2935 0.000076
2936 0.000128
2937 0.000108
2938 0.000095
2939 0.000111
2940 0.000094
2941 0.000119
2942 0.000107
2943 0.000122
2944 0.000125
2945 0.000106
2946 0.0001
2947 0.000085
2948 0.000128
2949 0.000123
2950 0.000087
2951 0.00011
2952 0.000083
2953 0.00012
2954 0.000111
2955 0.000108
2956 0.000103
2957 0.000108
2958 0.000102
2959 0.000109
2960 0.000126
2961 0.000114
2962 0.000113
2963 0.0001
2964 0.000102
2965 0.000112
2966 0.000131
2967 0.000121
2968 0.000106
2969 0.000131
2970 0.000098
2971 0.000138
2972 0.000144
2973 0.000118
2974 0.000089
2975 0.000092
2976 0.000112
2977 0.000113
2978 0.000116
2979 0.000136
2980 0.000107
2981 0.00011
2982 0.000111
2983 0.000111
2984 0.000103
2985 0.000162
2986 0.000125
2987 0.000082
2988 0.000153
2989 0.000096
2990 0.000099
2991 0.000096
2992 0.000113
2993 0.000098
2994 0.000103
2995 0.000107
2996 0.000135
2997 0.000108
2998 0.00013
2999 0.000135
3000 0.000125
3001 0.000096
3002 0.000139
3003 0.000133
3004 0.000133
3005 0.000117
3006 0.000107
3007 0.000117
3008 0.000104
3009 0.000108
3010 0.00012
3011 0.0001
3012 0.000112
3013 0.000101
3014 0.000104
3015 0.000114
3016 0.000094
3017 0.000099
3018 0.000122
3019 0.000116
3020 0.000082
3021 0.000114
3022 0.000092
3023 0.000125
3024 0.0001
3025 0.000086
3026 0.000184
3027 0.000107
3028 0.000103
3029 0.000109
3030 0.00012
3031 0.000121
3032 0.000108
3033 0.000097
3034 0.00014
3035 0.00011
3036 0.000126
3037 0.000102
3038 0.00015
3039 0.000102
3040 0.000096
3041 0.00014
3042 0.000102
3043 0.000143
3044 0.000131
3045 0.000113
3046 0.000135
3047 0.000099
3048 0.000136
3049 0.000134
3050 0.000109
3051 0.000117
3052 0.000118
3053 0.000098
3054 0.000097
3055 0.000116
3056 0.000144
3057 0.000113
3058 0.000132
3059 0.000107
3060 0.000134
3061 0.000106
3062 0.000126
3063 0.000113
3064 0.000132
3065 0.000108
3066 0.000108
3067 0.000124
3068 0.000121
3069 0.000135
3070 0.000111
3071 0.00015
3072 0.000133
3073 0.000106
3074 0.000103
3075 0.000134
3076 0.000128
3077 0.000096
3078 0.000114
3079 0.000108
3080 0.000166
3081 0.000128
3082 0.000095
3083 0.000126
3084 0.000133
3085 0.00011
3086 0.000095
3087 0.000136
3088 0.00011
3089 0.00013
3090 0.000095
3091 0.0001
3092 0.000107
3093 0.000103
3094 0.000112
3095 0.000082
3096 0.000113
3097 0.000122
3098 0.000099
3099 0.000133
3100 0.000098
3101 0.000117
3102 0.000102
3103 0.0001
3104 0.000098
3105 0.000103
3106 0.000092
3107 0.000123
3108 0.000161
3109 0.000113
3110 0.000127
3111 0.000117
3112 0.000086
3113 0.000169
3114 0.000126
3115 0.000108
3116 0.000147
3117 0.000151
3118 0.000133
3119 0.000139
3120 0.000112
3121 0.000092
3122 0.000117
3123 0.000103
3124 0.000096
3125 0.000098
3126 0.000114
3127 0.000123
3128 0.000101
3129 0.000094
3130 0.00011
3131 0.000123
3132 0.000109
3133 0.000104
3134 0.000096
3135 0.000158
3136 0.000138
3137 0.000125
3138 0.000113
3139 0.000123
3140 0.000147
3141 0.00012
3142 0.000101
3143 0.000142
3144 0.000132
3145 0.00016
3146 0.000126
3147 0.000127
3148 0.000124
3149 0.000114
3150 0.00015
3151 0.000117
3152 0.000098
3153 0.000113
3154 0.000146
3155 0.000122
3156 0.000137
3157 0.000111
3158 0.000122
3159 0.000084
3160 0.000108
3161 0.000131
3162 0.000103
3163 0.000118
3164 0.000103
3165 0.000116
3166 0.000115
3167 0.000103
3168 0.000104
3169 0.000127
3170 0.000118
3171 0.000088
3172 0.000141
3173 0.000099
3174 0.000116
3175 0.000082
3176 0.000132
3177 0.000099
3178 0.000115
3179 0.000079
3180 0.000088
3181 0.000146
3182 0.00012
3183 0.000144
3184 0.000108
3185 0.000113
3186 0.000109
3187 0.000141
3188 0.000102
3189 0.000164
3190 0.000098
3191 0.000097
3192 0.000102
3193 0.000145
3194 0.000082
3195 0.000084
3196 0.000154
3197 0.000098
3198 0.000102
3199 0.000163
3200 0.000095
3201 0.000122
3202 0.000099
3203 0.000121
3204 0.000113
3205 0.000122
3206 0.000091
3207 0.00009
3208 0.000129
3209 0.000113
3210 0.000122
3211 0.000136
3212 0.000102
3213 0.000134
3214 0.000091
3215 0.000168
3216 0.000176
3217 0.000127
3218 0.000119
3219 0.000103
3220 0.000098
3221 0.000104
3222 0.000114
3223 0.000157
3224 0.000115
3225 0.00012
3226 0.000129
3227 0.000119
3228 0.0001
3229 0.000107
3230 0.000111
3231 0.000095
3232 0.000156
3233 0.00014
3234 0.000105
3235 0.000121
3236 0.000135
3237 0.000114
3238 0.000104
3239 0.000136
3240 0.000101
3241 0.000149
3242 0.000115
3243 0.000126
3244 0.000093
3245 0.000097
3246 0.000091
3247 0.00012
3248 0.00012
3249 0.0001
3250 0.000089
3251 0.000104
3252 0.000116
3253 0.000089
3254 0.000163
3255 0.000095
3256 0.000145
3257 0.000116
3258 0.00011
3259 0.000127
3260 0.0001
3261 0.000114
3262 0.000136
3263 0.000094
3264 0.000136
3265 0.000084
3266 0.000099
3267 0.000094
3268 0.000101
3269 0.000125
3270 0.000114
3271 0.000141
3272 0.000111
3273 0.0001
3274 0.000095
3275 0.000133
3276 0.000111
3277 0.000114
3278 0.000083
3279 0.000085
3280 0.000112
3281 0.000084
3282 0.000088
3283 0.000091
3284 0.000129
3285 0.000112
3286 0.000166
3287 0.000161
3288 0.000102
3289 0.000117
3290 0.000117
3291 0.000107
3292 0.000132
3293 0.000135
3294 0.00013
3295 0.000091
3296 0.00009
3297 0.000083
3298 0.000126
3299 0.000122
3300 0.000123
3301 0.000109
3302 0.000107
3303 0.000093
3304 0.000088
3305 0.000122
3306 0.000108
3307 0.000126
3308 0.000121
3309 0.000084
3310 0.000139
3311 0.000082
3312 0.00009
3313 0.000126
3314 0.000101
3315 0.00011
3316 0.000125
3317 0.000087
3318 0.000114
3319 0.000105
3320 0.000124
3321 0.000162
3322 0.000133
3323 0.000102
3324 0.00013
3325 0.000092
3326 0.00012
3327 0.000139
3328 0.000099
3329 0.000138
3330 0.000109
3331 0.000139
3332 0.000088
3333 0.000133
3334 0.000104
3335 0.000118
3336 0.000091
3337 0.000099
3338 0.000132
3339 0.00011
3340 0.000125
3341 0.000141
3342 0.000116
3343 0.000104
3344 0.000128
3345 0.000126
3346 0.000115
3347 0.000113
3348 0.000137
3349 0.000103
3350 0.00015
3351 0.000121
3352 0.000121
3353 0.000114
3354 0.000103
3355 0.000117
3356 0.00011
3357 0.000113
3358 0.000109
3359 0.000095
3360 0.000093
3361 0.00012
3362 0.000092
3363 0.000118
3364 0.000105
3365 0.000114
3366 0.000096
3367 0.000074
3368 0.000121
3369 0.000088
3370 0.000128
3371 0.0001
3372 0.000137
3373 0.00012
3374 0.000112
3375 0.000113
3376 0.000129
3377 0.000087
3378 0.000098
3379 0.000151
3380 0.001073
3381 0.000083
3382 0.000126
3383 0.000122
3384 0.000106
3385 0.000107
3386 0.000138
3387 0.000101
3388 0.000144
3389 0.000129
3390 0.000143
3391 0.000107
3392 0.000128
3393 0.000123
3394 0.000111
3395 0.00014
3396 0.000115
3397 0.00012
3398 0.000089
3399 0.000121
3400 0.000142
3401 0.000101
3402 0.000112
3403 0.00009
3404 0.000092
3405 0.000088
3406 0.000117
3407 0.000138
3408 0.000094
3409 0.000087
3410 0.000128
3411 0.000085
3412 0.000094
3413 0.000081
3414 0.000115
3415 0.000086
3416 0.000104
3417 0.000105
3418 0.000105
3419 0.000121
3420 0.00013
3421 0.00012
3422 0.000094
3423 0.000095
3424 0.000094
3425 0.000104
3426 0.00013
3427 0.0001
3428 0.000103
3429 0.000114
3430 0.000117
3431 0.00011
3432 0.000095
3433 0.000111
3434 0.000133
3435 0.000123
3436 0.000119
3437 0.00012
3438 0.000131
3439 0.000101
3440 0.000139
3441 0.000099
3442 0.000099
3443 0.000136
3444 0.000141
3445 0.000146
3446 0.00009
3447 0.00009
3448 0.000112
3449 0.000118
3450 0.000127
3451 0.000107
3452 0.000114
3453 0.000105
3454 0.00011
3455 0.00012
3456 0.00013
3457 0.000145
3458 0.000097
3459 0.000134
3460 0.000099
3461 0.000099
3462 0.000084
3463 0.000149
3464 0.000137
3465 0.000119
3466 0.000134
3467 0.000129
3468 0.000138
3469 0.000145
3470 0.000096
3471 0.000111
3472 0.000116
3473 0.000141
3474 0.000107
3475 0.000138
3476 0.000118
3477 0.000108
3478 0.00012
3479 0.000142
3480 0.000138
3481 0.000126
3482 0.000119
3483 0.000108
3484 0.000112
3485 0.000136
3486 0.000145
3487 0.000094
3488 0.000167
3489 0.000111
3490 0.000103
3491 0.000111
3492 0.000121
3493 0.000099
3494 0.00011
3495 0.000119
3496 0.000082
3497 0.000136
3498 0.000101
3499 0.00013
3500 0.000119
3501 0.000101
3502 0.000129
3503 0.000099
3504 0.000101
3505 0.000085
3506 0.000142
3507 0.000097
3508 0.000125
3509 0.000126
3510 0.00009
3511 0.000108
3512 0.000099
3513 0.000096
3514 0.000085
3515 0.000088
3516 0.000088
3517 0.000104
3518 0.00009
3519 0.000101
3520 0.000129
3521 0.00011
3522 0.000153
3523 0.000118
3524 0.00011
3525 0.00016
3526 0.000114
3527 0.000133
3528 0.000139
3529 0.000126
3530 0.000123
3531 0.000094
3532 0.000091
3533 0.00012
3534 0.000101
3535 0.000137
3536 0.000094
3537 0.000112
3538 0.000127
3539 0.000101
3540 0.000082
3541 0.000114
3542 0.000092
3543 0.000123
3544 0.000125
3545 0.000124
3546 0.000075
3547 0.000088
3548 0.000125
3549 0.000128
3550 0.000114
3551 0.000094
3552 0.000103
3553 0.000164
3554 0.000122
3555 0.00012
3556 0.000098
3557 0.000148
3558 0.000113
3559 0.00009
3560 0.000117
3561 0.000092
3562 0.000096
3563 0.000089
3564 0.000099
3565 0.000092
3566 0.000125
3567 0.000128
3568 0.000112
3569 0.000089
3570 0.000107
3571 0.000125
3572 0.00013
3573 0.000125
3574 0.000136
3575 0.000092
3576 0.000112
3577 0.000136
3578 0.000089
3579 0.000088
3580 0.000115
3581 0.000107
3582 0.000085
3583 0.000099
3584 0.000109
3585 0.000092
3586 0.000092
3587 0.000095
3588 0.000112
3589 0.000125
3590 0.000122
3591 0.000109
3592 0.000089
3593 0.000151
3594 0.000118
3595 0.00012
3596 0.000103
3597 0.000075
3598 0.000107
3599 0.000122
3600 0.000126
3601 0.000118
3602 0.000112
3603 0.000099
3604 0.00009
3605 0.000104
3606 0.000075
3607 0.000129
3608 0.000137
3609 0.000098
3610 0.000107
3611 0.000099
3612 0.000112
3613 0.000097
3614 0.000109
3615 0.000103
3616 0.000092
3617 0.000091
3618 0.000129
3619 0.0001
3620 0.000091
3621 0.000102
3622 0.000088
3623 0.000095
3624 0.000115
3625 0.000112
3626 0.000147
3627 0.000084
3628 0.000095
3629 0.000109
3630 0.00013
3631 0.000093
3632 0.000075
3633 0.000118
3634 0.000083
3635 0.000073
3636 0.000109
3637 0.000095
3638 0.000084
3639 0.000131
3640 0.000121
3641 0.000115
3642 0.000099
3643 0.000089
3644 0.000108
3645 0.00012
3646 0.000118
3647 0.000111
3648 0.0001
3649 0.000091
3650 0.000102
3651 0.000121
3652 0.000071
3653 0.000147
3654 0.000157
3655 0.000106
3656 0.00012
3657 0.000119
3658 0.000098
3659 0.000114
3660 0.000122
3661 0.000101
3662 0.000118
3663 0.000108
3664 0.000117
3665 0.000102
3666 0.000113
3667 0.000103
3668 0.000098
3669 0.000094
3670 0.000128
3671 0.000127
3672 0.000093
3673 0.000092
3674 0.000088
3675 0.000111
3676 0.000125
3677 0.000115
3678 0.000099
3679 0.00009
3680 0.0001
3681 0.000094
3682 0.000084
3683 0.0001
3684 0.000114
3685 0.00008
3686 0.000092
3687 0.000079
3688 0.000105
3689 0.000095
3690 0.0001
3691 0.000092
3692 0.000138
3693 0.000104
3694 0.000101
3695 0.000109
3696 0.000122
3697 0.000111
3698 0.000098
3699 0.000106
3700 0.0001
3701 0.000136
3702 0.000107
3703 0.000096
3704 0.000102
3705 0.000075
3706 0.000114
3707 0.000106
3708 0.000123
3709 0.00012
3710 0.000102
3711 0.000178
3712 0.00011
3713 0.000097
3714 0.000089
3715 0.000089
3716 0.00017
3717 0.000119
3718 0.00011
3719 0.000128
3720 0.000113
3721 0.000112
3722 0.000148
3723 0.000087
3724 0.000121
3725 0.000118
3726 0.000117
3727 0.000098
3728 0.00012
3729 0.000099
3730 0.000083
3731 0.0001
3732 0.000095
3733 0.000103
3734 0.00008
3735 0.000108
3736 0.000123
3737 0.000114
3738 0.000098
3739 0.000142
3740 0.000126
3741 0.000104
3742 0.000116
3743 0.00012
3744 0.000096
3745 0.000075
3746 0.000106
3747 0.000093
3748 0.000118
3749 0.000081
3750 0.000082
3751 0.000134
3752 0.0001
3753 0.000126
3754 0.000088
3755 0.000126
3756 0.000104
3757 0.000112
3758 0.000106
3759 0.000117
3760 0.000087
3761 0.000083
3762 0.000094
3763 0.000092
3764 0.000102
3765 0.000127
3766 0.000086
3767 0.000116
3768 0.000109
3769 0.000104
3770 0.000102
3771 0.000102
3772 0.000088
3773 0.000104
3774 0.000091
3775 0.00009
3776 0.000102
3777 0.000114
3778 0.000115
3779 0.000138
3780 0.000116
3781 0.000093
3782 0.000119
3783 0.000105
3784 0.000123
3785 0.000133
3786 0.000074
3787 0.000159
3788 0.000093
3789 0.000112
3790 0.000113
3791 0.000091
3792 0.00012
3793 0.000122
3794 0.000108
3795 0.00008
3796 0.00009
3797 0.000123
3798 0.000087
3799 0.000078
3800 0.000088
3801 0.00013
3802 0.000087
3803 0.000159
3804 0.000111
3805 0.000138
3806 0.000093
3807 0.000135
3808 0.000136
3809 0.000106
3810 0.000091
3811 0.000133
3812 0.000065
3813 0.000129
3814 0.000106
3815 0.000126
3816 0.000139
3817 0.000136
3818 0.000143
3819 0.000106
3820 0.000108
3821 0.00012
3822 0.000115
3823 0.000137
3824 0.000108
3825 0.000114
3826 0.0001
3827 0.000114
3828 0.000087
3829 0.000149
3830 0.000129
3831 0.000149
3832 0.000132
3833 0.000118
3834 0.000127
3835 0.000121
3836 0.000094
3837 0.000107
3838 0.000099
3839 0.000114
3840 0.000149
3841 0.000086
3842 0.000104
3843 0.000124
3844 0.000127
3845 0.0001
3846 0.000111
3847 0.000098
3848 0.000115
3849 0.00012
3850 0.000106
3851 0.000125
3852 0.000106
3853 0.000107
3854 0.000123
3855 0.000123
3856 0.000144
3857 0.000102
3858 0.000109
3859 0.000127
3860 0.000097
3861 0.000109
3862 0.000078
3863 0.000116
3864 0.000108
3865 0.0001
3866 0.000094
3867 0.000078
3868 0.000097
3869 0.00016
3870 0.000091
3871 0.000102
3872 0.000077
3873 0.000101
3874 0.000109
3875 0.000101
3876 0.00013
3877 0.000093
3878 0.000121
3879 0.000129
3880 0.000115
3881 0.000099
3882 0.000099
3883 0.000137
3884 0.000095
3885 0.000091
3886 0.000117
3887 0.000111
3888 0.000105
3889 0.000091
3890 0.000119
3891 0.000131
3892 0.000102
3893 0.000089
3894 0.000094
3895 0.000125
3896 0.00011
3897 0.000097
3898 0.000107
3899 0.000074
3900 0.000141
3901 0.000103
3902 0.000104
3903 0.00009
3904 0.000112
3905 0.000074
3906 0.000125
3907 0.000122
3908 0.000093
3909 0.000094
3910 0.000096
3911 0.000118
3912 0.000102
3913 0.000112
3914 0.000115
3915 0.000088
3916 0.000135
3917 0.000093
3918 0.000109
3919 0.000117
3920 0.000111
3921 0.000109
3922 0.000152
3923 0.000092
3924 0.000117
3925 0.00009
3926 0.000114
3927 0.000137
3928 0.000094
3929 0.000118
3930 0.000105
3931 0.000104
3932 0.0001
3933 0.000095
3934 0.000145
3935 0.000113
3936 0.00012
3937 0.000095
3938 0.000098
3939 0.00011
3940 0.00011
3941 0.000143
3942 0.000085
3943 0.0001
3944 0.000095
3945 0.000116
3946 0.000099
3947 0.000098
3948 0.000136
3949 0.000115
3950 0.000142
3951 0.000114
3952 0.000114
3953 0.000115
3954 0.000123
3955 0.000105
3956 0.000113
3957 0.000126
3958 0.000128
3959 0.000088
3960 0.000088
3961 0.000128
3962 0.000122
3963 0.000128
3964 0.00014
3965 0.000121
3966 0.00014
3967 0.000102
3968 0.000095
3969 0.000114
3970 0.000093
3971 0.000087
3972 0.000095
3973 0.000116
3974 0.000078
3975 0.000103
3976 0.000106
3977 0.000089
3978 0.000135
3979 0.000137
3980 0.000113
3981 0.00011
3982 0.000089
3983 0.000099
3984 0.000125
3985 0.000129
3986 0.000127
3987 0.00008
3988 0.000093
3989 0.000073
3990 0.000125
3991 0.000142
3992 0.000134
3993 0.000105
3994 0.000088
3995 0.000117
3996 0.000088
3997 0.000124
3998 0.00011
3999 0.00012
4000 0.000106
4001 0.000092
4002 0.000121
4003 0.000082
4004 0.000105
4005 0.000113
4006 0.000127
4007 0.00011
4008 0.000098
4009 0.000156
4010 0.000094
4011 0.000107
4012 0.000129
4013 0.000108
4014 0.000133
4015 0.000092
4016 0.000106
4017 0.000094
4018 0.000136
4019 0.000158
4020 0.000131
4021 0.00013
4022 0.000114
4023 0.000119
4024 0.000109
4025 0.000117
4026 0.000105
4027 0.000122
4028 0.000113
4029 0.000111
4030 0.000104
4031 0.000114
4032 0.000086
4033 0.000134
4034 0.000088
4035 0.000098
4036 0.000118
4037 0.000099
4038 0.000103
4039 0.000073
4040 0.000115
4041 0.000089
4042 0.000134
4043 0.000084
4044 0.000133
4045 0.000104
4046 0.000098
4047 0.000115
4048 0.000121
4049 0.000116
4050 0.000117
4051 0.000111
4052 0.000066
4053 0.000088
4054 0.000079
4055 0.000093
4056 0.000106
4057 0.000121
4058 0.000134
4059 0.000127
4060 0.000115
4061 0.000115
4062 0.000144
4063 0.000142
4064 0.000104
4065 0.000103
4066 0.000153
4067 0.00012
4068 0.000086
4069 0.000064
4070 0.000093
4071 0.000138
4072 0.000116
4073 0.000135
4074 0.000086
4075 0.000117
4076 0.000114
4077 0.000099
4078 0.000112
4079 0.000119
4080 0.00011
4081 0.000088
4082 0.00012
4083 0.000113
4084 0.000111
4085 0.000087
4086 0.000074
4087 0.000107
4088 0.000079
4089 0.00011
4090 0.000131
4091 0.000099
4092 0.000124
4093 0.000104
4094 0.000139
4095 0.000089
4096 0.00014
4097 0.000091
4098 0.000106
4099 0.000116
4100 0.000132
4101 0.000085
4102 0.000094
4103 0.000137
4104 0.000105
4105 0.000131
4106 0.000085
4107 0.000141
4108 0.00009
4109 0.000108
4110 0.000139
4111 0.000109
4112 0.000095
4113 0.000143
4114 0.000095
4115 0.000119
4116 0.00009
4117 0.000122
4118 0.000099
4119 0.000102
4120 0.000126
4121 0.000085
4122 0.00015
4123 0.000128
4124 0.000121
4125 0.000082
4126 0.000131
4127 0.000121
4128 0.000088
4129 0.000118
4130 0.000107
4131 0.000123
4132 0.000103
4133 0.000135
4134 0.000115
4135 0.000123
4136 0.0001
4137 0.000111
4138 0.000137
4139 0.000118
4140 0.000093
4141 0.000128
4142 0.000104
4143 0.000096
4144 0.00013
4145 0.000084
4146 0.000087
4147 0.000118
4148 0.000111
4149 0.000118
4150 0.000116
4151 0.000086
4152 0.000118
4153 0.000137
4154 0.000089
4155 0.000066
4156 0.000112
4157 0.000122
4158 0.00011
4159 0.000107
4160 0.000103
4161 0.000104
4162 0.000097
4163 0.000096
4164 0.00008
4165 0.000131
4166 0.000095
4167 0.000094
4168 0.00009
4169 0.000099
4170 0.000117
4171 0.000125
4172 0.000095
4173 0.000098
4174 0.000137
4175 0.000112
4176 0.000118
4177 0.000073
4178 0.000116
4179 0.000112
4180 0.000116
4181 0.000125
4182 0.000127
4183 0.000121
4184 0.000123
4185 0.000095
4186 0.00011
4187 0.000135
4188 0.000116
4189 0.000141
4190 0.000129
4191 0.000129
4192 0.000134
4193 0.00013
4194 0.000093
4195 0.000118
4196 0.000102
4197 0.000108
4198 0.000083
4199 0.000131
4200 0.000096
4201 0.00009
4202 0.000087
4203 0.000114
4204 0.00014
4205 0.000101
4206 0.000113
4207 0.000124
4208 0.000092
4209 0.000092
4210 0.000107
4211 0.000113
4212 0.000148
4213 0.000134
4214 0.000129
4215 0.00011
4216 0.000122
4217 0.000089
4218 0.000107
4219 0.000105
4220 0.000137
4221 0.000099
4222 0.000163
4223 0.00012
4224 0.00009
4225 0.000087
4226 0.000123
4227 0.000117
4228 0.000129
4229 0.000094
4230 0.000095
4231 0.000115
4232 0.000102
4233 0.00009
4234 0.000086
4235 0.000115
4236 0.000088
4237 0.000094
4238 0.000092
4239 0.00009
4240 0.000103
4241 0.000094
4242 0.000084
4243 0.000125
4244 0.000106
4245 0.000112
4246 0.000103
4247 0.000095
4248 0.000097
4249 0.000146
4250 0.000133
4251 0.000147
4252 0.000124
4253 0.000082
4254 0.000106
4255 0.000087
4256 0.000098
4257 0.000119
4258 0.000139
4259 0.000103
4260 0.000101
4261 0.000103
4262 0.000105
4263 0.000081
4264 0.000121
4265 0.000083
4266 0.00009
4267 0.000095
4268 0.000123
4269 0.000114
4270 0.000156
4271 0.000101
4272 0.000084
4273 0.000079
4274 0.000137
4275 0.000096
4276 0.000096
4277 0.000094
4278 0.000089
4279 0.000085
4280 0.000117
4281 0.000107
4282 0.000115
4283 0.00011
4284 0.000118
4285 0.000127
4286 0.000122
4287 0.000127
4288 0.000113
4289 0.000106
4290 0.000119
4291 0.000135
4292 0.000106
4293 0.000118
4294 0.000113
4295 0.000123
4296 0.000116
4297 0.000092
4298 0.000085
4299 0.000097
4300 0.000088
4301 0.000137
4302 0.000129
4303 0.000123
4304 0.000087
4305 0.00014
4306 0.000106
4307 0.000122
4308 0.000107
4309 0.000096
4310 0.000089
4311 0.000118
4312 0.000112
4313 0.000081
4314 0.000086
4315 0.000108
4316 0.000092
4317 0.0001
4318 0.000178
4319 0.000089
4320 0.00013
4321 0.000115
4322 0.000109
4323 0.000118
4324 0.000135
4325 0.000092
4326 0.000132
4327 0.00008
4328 0.000094
4329 0.00009
4330 0.000149
4331 0.00012
4332 0.000154
4333 0.000091
4334 0.000083
4335 0.00009
4336 0.000107
4337 0.000082
4338 0.000106
4339 0.000133
4340 0.000095
4341 0.000099
4342 0.000125
4343 0.000125
4344 0.000114
4345 0.00012
4346 0.000095
4347 0.000096
4348 0.000107
4349 0.000108
4350 0.00008
4351 0.000122
4352 0.000107
4353 0.00009
4354 0.0001
4355 0.000137
4356 0.000095
4357 0.000088
4358 0.000117
4359 0.000094
4360 0.000098
4361 0.000125
4362 0.00014
4363 0.000138
4364 0.000098
4365 0.000142
4366 0.000107
4367 0.000113
4368 0.000152
4369 0.000131
4370 0.000151
4371 0.000101
4372 0.000116
4373 0.000141
4374 0.00009
4375 0.000104
4376 0.000101
4377 0.000134
4378 0.000105
4379 0.000114
4380 0.000149
4381 0.000088
4382 0.000129
4383 0.000108
4384 0.000126
4385 0.000085
4386 0.000103
4387 0.000124
4388 0.000084
4389 0.000091
4390 0.000119
4391 0.00012
4392 0.000083
4393 0.000087
4394 0.00011
4395 0.000118
4396 0.000105
4397 0.00011
4398 0.000101
4399 0.00014
4400 0.000104
4401 0.0001
4402 0.000137
4403 0.000132
4404 0.000106
4405 0.000129
4406 0.000125
4407 0.000125
4408 0.000072
4409 0.000188
4410 0.000118
4411 0.000117
4412 0.000097
4413 0.000089
4414 0.0001
4415 0.000098
4416 0.000127
4417 0.000128
4418 0.000106
4419 0.000108
4420 0.000103
4421 0.000099
4422 0.000112
4423 0.000091
4424 0.000098
4425 0.000102
4426 0.000105
4427 0.00011
4428 0.000098
4429 0.000094
4430 0.000114
4431 0.000123
4432 0.00012
4433 0.000134
4434 0.000123
4435 0.000097
4436 0.000134
4437 0.000102
4438 0.000102
4439 0.000142
4440 0.00009
4441 0.000121
4442 0.000112
4443 0.000105
4444 0.000122
4445 0.000093
4446 0.000116
4447 0.000077
4448 0.000122
4449 0.000088
4450 0.000089
4451 0.000117
4452 0.000115
4453 0.000102
4454 0.000086
4455 0.000095
4456 0.000107
4457 0.000135
4458 0.0001
4459 0.000104
4460 0.000101
4461 0.000183
4462 0.0001
4463 0.000123
4464 0.000114
4465 0.00014
4466 0.000121
4467 0.000117
4468 0.000141
4469 0.000102
4470 0.000089
4471 0.000127
4472 0.000121
4473 0.000113
4474 0.000108
4475 0.000108
4476 0.000124
4477 0.000125
4478 0.000118
4479 0.000108
4480 0.000074
4481 0.000108
4482 0.000079
4483 0.000124
4484 0.000094
4485 0.000109
4486 0.000093
4487 0.000131
4488 0.000087
4489 0.000122
4490 0.000086
4491 0.000111
4492 0.000127
4493 0.000148
4494 0.000105
4495 0.000141
4496 0.000104
4497 0.000101
4498 0.000095
4499 0.00011
4500 0.000094
4501 0.000085
4502 0.000126
4503 0.000119
4504 0.00014
4505 0.000116
4506 0.000096
4507 0.000157
4508 0.000109
4509 0.000123
4510 0.000083
4511 0.000114
4512 0.000139
4513 0.000112
4514 0.000091
4515 0.000117
4516 0.00011
4517 0.000109
4518 0.000093
4519 0.000106
4520 0.000088
4521 0.000106
4522 0.000084
4523 0.000097
4524 0.000117
4525 0.000092
4526 0.000098
4527 0.000093
4528 0.000102
4529 0.000085
4530 0.000086
4531 0.000125
4532 0.000094
4533 0.000114
4534 0.00012
4535 0.00014
4536 0.000087
4537 0.000109
4538 0.000111
4539 0.000104
4540 0.000103
4541 0.000106
4542 0.000108
4543 0.000095
4544 0.000131
4545 0.000111
4546 0.000143
4547 0.000084
4548 0.000105
4549 0.000125
4550 0.000077
4551 0.000091
4552 0.000101
4553 0.000101
4554 0.000084
4555 0.000088
4556 0.000107
4557 0.000087
4558 0.00009
4559 0.000096
4560 0.000093
4561 0.000127
4562 0.000102
4563 0.000115
4564 0.000109
4565 0.000111
4566 0.000102
4567 0.00011
4568 0.00012
4569 0.000124
4570 0.00011
4571 0.000127
4572 0.000117
4573 0.000091
4574 0.000092
4575 0.000137
4576 0.000156
4577 0.000096
4578 0.000097
4579 0.000119
4580 0.000133
4581 0.000107
4582 0.000094
4583 0.000167
4584 0.000129
4585 0.000106
4586 0.00014
4587 0.000086
4588 0.000098
4589 0.000123
4590 0.000097
4591 0.000139
4592 0.000079
4593 0.000114
4594 0.000122
4595 0.000106
4596 0.000101
4597 0.000125
4598 0.00009
4599 0.000103
4600 0.000122
4601 0.000132
4602 0.000139
4603 0.000096
4604 0.000105
4605 0.00009
4606 0.000139
4607 0.000083
4608 0.000107
4609 0.000087
4610 0.000127
4611 0.000117
4612 0.000088
4613 0.000081
4614 0.000085
4615 0.000139
4616 0.000112
4617 0.00011
4618 0.000117
4619 0.000134
4620 0.000132
4621 0.000112
4622 0.000105
4623 0.000088
4624 0.000107
4625 0.000107
4626 0.000084
4627 0.000069
4628 0.000105
4629 0.00009
4630 0.000079
4631 0.000108
4632 0.000083
4633 0.000105
4634 0.000119
4635 0.000108
4636 0.000076
4637 0.000103
4638 0.000101
4639 0.000091
4640 0.000076
4641 0.000108
4642 0.000122
4643 0.000098
4644 0.000092
4645 0.000112
4646 0.00011
4647 0.000103
4648 0.000113
4649 0.000097
4650 0.000105
4651 0.000158
4652 0.000079
4653 0.000111
4654 0.000111
4655 0.000087
4656 0.000127
4657 0.00011
4658 0.000099
4659 0.00011
4660 0.000114
4661 0.00009
4662 0.0001
4663 0.000108
4664 0.000116
4665 0.000123
4666 0.000141
4667 0.000115
4668 0.000101
4669 0.000083
4670 0.000109
4671 0.000099
4672 0.000109
4673 0.000112
4674 0.00013
4675 0.000117
4676 0.000085
4677 0.000102
4678 0.000089
4679 0.000144
4680 0.000141
4681 0.000103
4682 0.000135
4683 0.00012
4684 0.000116
4685 0.000094
4686 0.000086
4687 0.000107
4688 0.000084
4689 0.000076
4690 0.000098
4691 0.000114
4692 0.000078
4693 0.000094
4694 0.000134
4695 0.000109
4696 0.000097
4697 0.000081
4698 0.000095
4699 0.00009
4700 0.000104
4701 0.000123
4702 0.000095
4703 0.000134
4704 0.000092
4705 0.000101
4706 0.000091
4707 0.000126
4708 0.000108
4709 0.000091
4710 0.000094
4711 0.000092
4712 0.000115
4713 0.00011
4714 0.000085
4715 0.000102
4716 0.000093
4717 0.000105
4718 0.000144
4719 0.000101
4720 0.000102
4721 0.0001
4722 0.000106
4723 0.0001
4724 0.000104
4725 0.000107
4726 0.000108
4727 0.000089
4728 0.000093
4729 0.000144
4730 0.000108
4731 0.000103
4732 0.000116
4733 0.000124
4734 0.000089
4735 0.000099
4736 0.000108
4737 0.000122
4738 0.000133
4739 0.000097
4740 0.000095
4741 0.000091
4742 0.000111
4743 0.000091
4744 0.000117
4745 0.000104
4746 0.00007
4747 0.000106
4748 0.000109
4749 0.000083
4750 0.000096
4751 0.00013
4752 0.000106
4753 0.000084
4754 0.000107
4755 0.000103
4756 0.00008
4757 0.000137
4758 0.000088
4759 0.000088
4760 0.00012
4761 0.00016
4762 0.000126
4763 0.000104
4764 0.000074
4765 0.000141
4766 0.000085
4767 0.000154
4768 0.000106
4769 0.0001
4770 0.0001
4771 0.000145
4772 0.000123
4773 0.000158
4774 0.000113
4775 0.000121
4776 0.000117
4777 0.000111
4778 0.00013
4779 0.000075
4780 0.000146
4781 0.000138
4782 0.000098
4783 0.000118
4784 0.000115
4785 0.000126
4786 0.00012
4787 0.000128
4788 0.000098
4789 0.000102
4790 0.000085
4791 0.0001
4792 0.00012
4793 0.000125
4794 0.0001
4795 0.000111
4796 0.000099
4797 0.00014
4798 0.000113
4799 0.000109
4800 0.000097
4801 0.000108
4802 0.000112
4803 0.000121
4804 0.000115
4805 0.000104
4806 0.0001
4807 0.000144
4808 0.000099
4809 0.000103
4810 0.000112
4811 0.000102
4812 0.000137
4813 0.000115
4814 0.000184
4815 0.000114
4816 0.000096
4817 0.000144
4818 0.000132
4819 0.000098
4820 0.000087
4821 0.000125
4822 0.000097
4823 0.000099
4824 0.000082
4825 0.000097
4826 0.000148
4827 0.000135
4828 0.000118
4829 0.000082
4830 0.000116
4831 0.000096
4832 0.000126
4833 0.000125
4834 0.000164
4835 0.000123
4836 0.000125
4837 0.000127
4838 0.000102
4839 0.000082
4840 0.000124
4841 0.000103
4842 0.000111
4843 0.000091
4844 0.000108
4845 0.000116
4846 0.000091
4847 0.000102
4848 0.000093
4849 0.000129
4850 0.000124
4851 0.000117
4852 0.000091
4853 0.000104
4854 0.000096
4855 0.000083
4856 0.000103
4857 0.000093
4858 0.000098
4859 0.000101
4860 0.000103
4861 0.000116
4862 0.000108
4863 0.000073
4864 0.000102
4865 0.000102
4866 0.00014
4867 0.000116
4868 0.000109
4869 0.000106
4870 0.000079
4871 0.000105
4872 0.000149
4873 0.00014
4874 0.000094
4875 0.000109
4876 0.000125
4877 0.000151
4878 0.00012
4879 0.000086
4880 0.000129
4881 0.000124
4882 0.000132
4883 0.000115
4884 0.000102
4885 0.000104
4886 0.000091
4887 0.000115
4888 0.000085
4889 0.000095
4890 0.000083
4891 0.000139
4892 0.000129
4893 0.000108
4894 0.000092
4895 0.00012
4896 0.000087
4897 0.000115
4898 0.000116
4899 0.000123
4900 0.00011
4901 0.000115
4902 0.000183
4903 0.000101
4904 0.000107
4905 0.000094
4906 0.000101
4907 0.000127
4908 0.000091
4909 0.000141
4910 0.00008
4911 0.00012
4912 0.000109
4913 0.000123
4914 0.000115
4915 0.000102
4916 0.000127
4917 0.000092
4918 0.000109
4919 0.000078
4920 0.000131
4921 0.000148
4922 0.000128
4923 0.000098
4924 0.000099
4925 0.000115
4926 0.000117
4927 0.00014
4928 0.000098
4929 0.000101
4930 0.000106
4931 0.000092
4932 0.000132
4933 0.000094
4934 0.000105
4935 0.000123
4936 0.000132
4937 0.000089
4938 0.000127
4939 0.000095
4940 0.00011
4941 0.000119
4942 0.000102
4943 0.000121
4944 0.000133
4945 0.000112
4946 0.000096
4947 0.000104
4948 0.000154
4949 0.000116
4950 0.000132
4951 0.000113
4952 0.000117
4953 0.000107
4954 0.000091
4955 0.000098
4956 0.000107
4957 0.000117
4958 0.000107
4959 0.000086
4960 0.000071
4961 0.000101
4962 0.000125
4963 0.000081
4964 0.000098
4965 0.000096
4966 0.000087
4967 0.00008
4968 0.000122
4969 0.000123
4970 0.000105
4971 0.000177
4972 0.000086
4973 0.000141
4974 0.000101
4975 0.000112
4976 0.000118
4977 0.000087
4978 0.000122
4979 0.000147
4980 0.000147
4981 0.000107
4982 0.000134
4983 0.000119
4984 0.000099
4985 0.000107
4986 0.000108
4987 0.000118
4988 0.000106
4989 0.000123
4990 0.000121
4991 0.000128
4992 0.000107
4993 0.000117
4994 0.000113
4995 0.000086
4996 0.000112
4997 0.000143
4998 0.000094
4999 0.0001
