1 70544
2 2545
3 9776
4 3972
5 1743
6 2848
7 2833
8 1862
9 6151
10 53857
11 4697
12 1760
13 1082
14 934
15 777
16 857
17 893
18 785
19 1484
20 1008
21 811
22 1030
23 926
24 904
25 942
26 907
27 693
28 923
29 953
30 823
31 962
32 782
33 787
34 899
35 976
36 897
37 812
38 986
39 775
40 1503
41 1714
42 1462
43 1430
44 1132
45 1625
46 851
47 1890
48 1153
49 2090
50 1443
51 1916
52 1195
53 1017
54 1241
55 2643
56 1543
57 929
58 1024
59 1284
60 2479
61 901
62 1095
63 835
64 3508
65 1696
66 1076
67 1601
68 2841
69 1175
70 1360
71 1348
72 1548
73 2114
74 1228
75 1102
76 2299
77 1524
78 3608
79 2057
80 2215
81 1979
82 1327
83 2113
84 1620
85 2766
86 1275
87 2350
88 1973
89 1062
90 1833
91 2214
92 1692
93 2140
94 1410
95 1893
96 1660
97 1366
98 1666
99 1918
100 1089
101 1185
102 1309
103 3973
104 1376
105 2636
106 2185
107 824
108 1430
109 1104
110 1044
111 1285
112 1232
113 1512
114 915
115 1123
116 1056
117 1048
118 1784
119 930
120 870
121 1135
122 1070
123 1117
124 1851
125 1170
126 1935
127 1440
128 1203
129 1722
130 1455
131 852
132 1755
133 1933
134 1017
135 730
136 965
137 1207
138 1717
139 1084
140 1178
141 909
142 2119
143 1261
144 805
145 1214
146 892
147 1088
148 1273
149 1442
150 1328
151 1020
152 1527
153 1119
154 1671
155 1066
156 1072
157 1128
158 1764
159 1904
160 1566
161 2162
162 860
163 870
164 1185
165 887
166 1136
167 1121
168 1294
169 1342
170 7865
171 1624
172 1234
173 1120
174 902
175 1136
176 1186
177 803
178 900
179 877
180 977
181 985
182 1351
183 2191
184 3263
185 1495
186 1391
187 1964
188 2325
189 1391
190 1369
191 1093
192 1349
193 2064
194 754
195 1014
196 4216
197 1018
198 975
199 4032
200 1740
201 1505
202 1887
203 2294
204 1541
205 983
206 1946
207 1549
208 1220
209 2037
210 1986
211 1676
212 1100
213 1149
214 909
215 1683
216 1018
217 2254
218 2552
219 1940
220 1099
221 1064
222 845
223 2279
224 1235
225 904
226 1884
227 1809
228 1090
229 1544
230 1397
231 2434
232 715
233 6982
234 1120
235 964
236 1010
237 1519
238 1098
239 1251
240 2217
241 1981
242 1415
243 1831
244 1279
245 1285
246 1487
247 1640
248 721
249 3116
250 1821
251 1287
252 1657
253 1391
254 1296
255 899
256 2183
257 1136
258 1375
259 1991
260 11258
261 1503
262 981
263 1661
264 1968
265 1128
266 1176
267 1250
268 1883
269 1069
270 980
271 1474
272 1331
273 1293
274 1292
275 1588
276 1255
277 2093
278 2190
279 1716
280 3356
281 2186
282 1865
283 2036
284 2628
285 1378
286 1386
287 1602
288 1728
289 2323
290 2166
291 2026
292 1901
293 1978
294 1953
295 1493
296 1467
297 2258
298 1554
299 1947
300 1872
301 1784
302 1405
303 1170
304 2142
305 1598
306 1670
307 2089
308 2137
309 1334
310 2359
311 1696
312 2175
313 2088
314 1935
315 2537
316 1360
317 1056
318 965
319 1173
320 2389
321 2380
322 1808
323 1124
324 1410
325 2116
326 1916
327 2137
328 1825
329 1170
330 1068
331 1478
332 1321
333 1864
334 1695
335 1632
336 1429
337 2203
338 1194
339 1201
340 1102
341 828
342 1902
343 2135
344 1724
345 2101
346 1296
347 1055
348 1240
349 1498
350 1170
351 1359
352 2277
353 951
354 1384
355 1536
356 1102
357 1155
358 1245
359 1372
360 2172
361 988
362 1009
363 1901
364 1487
365 1024
366 1248
367 749
368 1230
369 887
370 1705
371 1434
372 1201
373 2410
374 1459
375 1889
376 1121
377 1529
378 2260
379 1132
380 2004
381 1285
382 1331
383 1918
384 1255
385 1183
386 1034
387 897
388 1809
389 875
390 988
391 1752
392 1914
393 1277
394 1800
395 1155
396 2120
397 1055
398 1398
399 1138
400 2494
401 2664
402 1419
403 1337
404 2035
405 826
406 1177
407 1722
408 1475
409 1101
410 1165
411 2025
412 1065
413 1494
414 1101
415 1043
416 1037
417 1143
418 1295
419 1130
420 1321
421 1111
422 1108
423 2038
424 1312
425 1767
426 2268
427 2128
428 1487
429 1054
430 902
431 1136
432 1071
433 1104
434 1468
435 2051
436 924
437 1716
438 1302
439 1459
440 1694
441 1196
442 1688
443 1161
444 1892
445 1337
446 1596
447 1119
448 2385
449 1608
450 1566
451 1195
452 1084
453 2454
454 1131
455 1537
456 1004
457 1012
458 1789
459 2296
460 5551
461 1167
462 1925
463 2008
464 2062
465 1428
466 1338
467 2165
468 2018
469 1317
470 1227
471 2305
472 1246
473 1207
474 1787
475 1410
476 2324
477 2730
478 1649
479 1378
480 1239
481 2010
482 1925
483 1674
484 1224
485 941
486 1020
487 1009
488 1356
489 2490
490 1190
491 2228
492 1243
493 2664
494 1503
495 1458
496 2207
497 1404
498 1219
499 1579
500 1833
501 1843
502 1187
503 1274
504 1395
505 1808
506 1200
507 822
508 1466
509 2147
510 1691
511 1264
512 1512
513 1153
514 1338
515 1520
516 1057
517 1316
518 1338
519 2295
520 1248
521 2506
522 1223
523 962
524 1126
525 1378
526 754
527 2382
528 1769
529 1816
530 1362
531 1659
532 2127
533 4652
534 1951
535 1121
536 2321
537 2422
538 2663
539 2279
540 1450
541 2469
542 2031
543 2127
544 2423
545 2434
546 2460
547 1762
548 2322
549 1362
550 1127
551 1224
552 1358
553 885
554 1268
555 1056
556 1160
557 1026
558 1167
559 892
560 803
561 1092
562 1111
563 1124
564 991
565 1084
566 750
567 896
568 1204
569 1136
570 933
571 2297
572 1457
573 1200
574 1221
575 1131
576 1054
577 1177
578 1069
579 886
580 989
581 1293
582 936
583 926
584 928
585 1071
586 904
587 924
588 977
589 770
590 1040
591 932
592 2098
593 2175
594 1754
595 2251
596 2467
597 2187
598 2311
599 1359
600 1284
601 2426
602 1562
603 2144
604 2664
605 1433
606 3184
607 1700
608 1905
609 1256
610 955
611 1538
612 2210
613 1211
614 1423
615 1102
616 1337
617 1824
618 1617
619 1176
620 1758
621 1544
622 1696
623 1884
624 1420
625 1071
626 1405
627 1378
628 1228
629 999
630 1172
631 1395
632 1363
633 1245
634 1298
635 2287
636 2234
637 1265
638 900
639 1994
640 2089
641 911
642 1421
643 1966
644 2468
645 2440
646 1375
647 1848
648 1453
649 2218
650 1430
651 5339
652 437971
653 2787
654 2024
655 1572
656 1217
657 1709
658 1803
659 1578
660 2916
661 1320
662 2705
663 1677
664 1271
665 1223
666 713
667 969
668 874
669 1229
670 1149
671 972
672 3047
673 1787
674 2143
675 1043
676 2633
677 996
678 951
679 2508
680 1463
681 2442
682 1177
683 963
684 554
685 477
686 483
687 435
688 558
689 559
690 500
691 675
692 480
693 452
694 451
695 537
696 651
697 430
698 463
699 425
700 487
701 444
702 796
703 671
704 671
705 456
706 541
707 574
708 474
709 559
710 706
711 661
712 571
713 557
714 747
715 560
716 544
717 436
718 477
719 428
720 456
721 578
722 558
723 606
724 450
725 475
726 594
727 407
728 451
729 463
730 708
731 523
732 1010
733 561
734 495
735 446
736 548
737 420
738 529
739 424
740 441
741 417
742 461
743 425
744 449
745 459
746 760
747 676
748 533
749 585
750 944
751 649
752 792
753 811
754 483
755 487
756 310
757 362
758 330
759 323
760 757
761 368
762 510
763 438
764 515
765 552
766 485
767 455
768 441
769 487
770 480
771 510
772 475
773 765
774 761
775 454
776 477
777 482
778 637
779 422
780 464
781 488
782 483
783 409
784 505
785 488
786 730
787 765
788 466
789 524
790 525
791 457
792 502
793 487
794 418
795 396
796 475
797 502
798 507
799 480
800 728
801 451
802 480
803 509
804 844
805 419
806 490
807 509
808 581
809 604
810 587
811 565
812 519
813 1751
814 705
815 656
816 681
817 701
818 650
819 557
820 692
821 656
822 641
823 589
824 693
825 604
826 509
827 503
828 692
829 583
830 554
831 467
832 420
833 391
834 427
835 405
836 334
837 401
838 707
839 400
840 363
841 366
842 322
843 393
844 331
845 365
846 318
847 392
848 372
849 390
850 404
851 372
852 336
853 894
854 528
855 379
856 317
857 391
858 323
859 311
860 360
861 352
862 375
863 662
864 401
865 356
866 381
867 364
868 333
869 342
870 314
871 372
872 359
873 337
874 384
875 382
876 288
877 354
878 335
879 363
880 363
881 337
882 344
883 447
884 382
885 386
886 339
887 722
888 400
889 362
890 349
891 551
892 346
893 323
894 329
895 432
896 382
897 374
898 297
899 342
900 305
901 386
902 367
903 387
904 358
905 336
906 470
907 350
908 370
909 364
910 324
911 645
912 367
913 360
914 363
915 537
916 334
917 404
918 325
919 341
920 402
921 419
922 334
923 331
924 423
925 432
926 348
927 343
928 358
929 385
930 392
931 387
932 411
933 344
934 620
935 462
936 373
937 342
938 333
939 328
940 314
941 339
942 348
943 348
944 320
945 321
946 297
947 352
948 363
949 336
950 329
951 345
952 308
953 341
954 367
955 350
956 636
957 333
958 388
959 334
960 309
961 345
962 347
963 312
964 373
965 336
966 391
967 382
968 390
969 299
970 397
971 361
972 337
973 499
974 401
975 339
976 374
977 384
978 777
979 396
980 419
981 357
982 370
983 432
984 314
985 356
986 288
987 350
988 353
989 344
990 329
991 347
992 384
993 355
994 335
995 387
996 392
997 390
998 361
999 367
1000 324
1001 352
1002 344
1003 364
1004 346
1005 391
1006 352
1007 372
1008 375
1009 305
1010 408
1011 475
1012 341
1013 345
1014 313
1015 409
1016 440
1017 300
1018 338
1019 335
1020 317
1021 747
1022 515
1023 386
1024 453
1025 390
1026 375
1027 345
1028 378
1029 406
1030 379
1031 394
1032 289
1033 340
1034 453
1035 339
1036 357
1037 404
1038 340
1039 355
1040 360
1041 329
1042 355
1043 322
1044 346
1045 418
1046 388
1047 452
1048 385
1049 340
1050 362
1051 336
1052 347
1053 326
1054 356
1055 415
1056 452
1057 808
1058 330
1059 319
1060 340
1061 427
1062 415
1063 802
1064 375
1065 424
1066 404
1067 421
1068 324
1069 312
1070 338
1071 476
1072 358
1073 397
1074 374
1075 359
1076 384
1077 344
1078 314
1079 326
1080 319
1081 327
1082 357
1083 355
1084 337
1085 371
1086 334
1087 391
1088 371
1089 345
1090 308
1091 358
1092 411
1093 359
1094 340
1095 366
1096 368
1097 371
1098 368
1099 356
1100 408
1101 363
1102 689
1103 435
1104 376
1105 390
1106 410
1107 436
1108 405
1109 432
1110 344
1111 427
1112 331
1113 368
1114 327
1115 359
1116 408
1117 353
1118 354
1119 315
1120 409
1121 375
1122 302
1123 403
1124 340
1125 354
1126 386
1127 333
1128 351
1129 417
1130 663
1131 394
1132 340
1133 337
1134 380
1135 731
1136 457
1137 938
1138 373
1139 430
1140 2248
1141 562
1142 426
1143 394
1144 339
1145 539
1146 362
1147 704
1148 1079
1149 538
1150 487
1151 720
1152 501
1153 468
1154 381
1155 399
1156 509
1157 506
1158 792
1159 439
1160 396
1161 584
1162 646
1163 718
1164 662
1165 337
1166 427
1167 349
1168 330
1169 480
1170 659
1171 505
1172 442
1173 398
1174 310
1175 368
1176 382
1177 945
1178 378
1179 394
1180 359
1181 396
1182 381
1183 301
1184 476
1185 454
1186 350
1187 342
1188 403
1189 436
1190 672
1191 623
1192 319
1193 320
1194 446
1195 482
1196 408
1197 350
1198 420
1199 364
1200 484
1201 452
1202 379
1203 578
1204 606
1205 526
1206 982
1207 1489
1208 1244
1209 406
1210 346
1211 274
1212 1155
1213 1215
1214 378
1215 437
1216 442
1217 395
1218 413
1219 383
1220 392
1221 443
1222 369
1223 403
1224 454
1225 400
1226 334
1227 336
1228 364
1229 381
1230 333
1231 410
1232 478
1233 340
1234 578
1235 607
1236 708
1237 717
1238 552
1239 535
1240 556
1241 531
1242 746
1243 610
1244 668
1245 12980
1246 539
1247 539
1248 1109
1249 639
1250 436
1251 409
1252 635
1253 637
1254 575
1255 664
1256 591
1257 514
1258 507
1259 467
1260 661
1261 522
1262 598
1263 584
1264 511
1265 535
1266 524
1267 591
1268 454
1269 483
1270 448
1271 771
1272 485
1273 540
1274 430
1275 500
1276 609
1277 452
1278 459
1279 396
1280 487
1281 490
1282 1737
1283 910
1284 517
1285 462
1286 747
1287 584
1288 515
1289 578
1290 906
1291 563
1292 423
1293 500
1294 589
1295 540
1296 507
1297 754
1298 480
1299 541
1300 657
1301 623
1302 722
1303 596
1304 578
1305 525
1306 631
1307 478
1308 650
1309 493
1310 502
1311 609
1312 485
1313 525
1314 668
1315 864
1316 521
1317 480
1318 677
1319 460
1320 519
1321 852
1322 471
1323 762
1324 775
1325 444
1326 561
1327 513
1328 512
1329 572
1330 535
1331 794
1332 714
1333 802
1334 642
1335 534
1336 909
1337 593
1338 569
1339 456
1340 735
1341 731
1342 488
1343 465
1344 696
1345 737
1346 1237
1347 792
1348 468
1349 625
1350 447
1351 551
1352 658
1353 584
1354 647
1355 611
1356 763
1357 513
1358 511
1359 753
1360 504
1361 790
1362 568
1363 467
1364 701
1365 611
1366 786
1367 396
1368 472
1369 476
1370 479
1371 552
1372 552
1373 508
1374 921
1375 618
1376 590
1377 1120
1378 599
1379 690
1380 540
1381 496
1382 439
1383 783
1384 517
1385 576
1386 513
1387 497
1388 492
1389 737
1390 491
1391 619
1392 815
1393 682
1394 595
1395 817
1396 717
1397 695
1398 721
1399 522
1400 563
1401 454
1402 474
1403 514
1404 571
1405 918
1406 650
1407 505
1408 1141
1409 580
1410 593
1411 610
1412 489
1413 581
1414 645
1415 564
1416 510
1417 497
1418 973
1419 538
1420 717
1421 672
1422 872
1423 522
1424 623
1425 674
1426 650
1427 764
1428 694
1429 614
1430 575
1431 642
1432 581
1433 1020
1434 855
1435 779
1436 511
1437 859
1438 702
1439 587
1440 595
1441 629
1442 546
1443 750
1444 462
1445 550
1446 467
1447 664
1448 523
1449 805
1450 530
1451 538
1452 572
1453 800
1454 472
1455 526
1456 650
1457 530
1458 462
1459 486
1460 453
1461 414
1462 433
1463 475
1464 528
1465 610
1466 892
1467 674
1468 488
1469 591
1470 797
1471 550
1472 523
1473 500
1474 637
1475 667
1476 520
1477 739
1478 472
1479 486
1480 508
1481 504
1482 636
1483 562
1484 515
1485 719
1486 505
1487 676
1488 629
1489 530
1490 454
1491 586
1492 526
1493 560
1494 592
1495 902
1496 547
1497 609
1498 688
1499 850
1500 511
1501 494
1502 550
1503 492
1504 561
1505 589
1506 511
1507 584
1508 591
1509 562
1510 579
1511 527
1512 745
1513 530
1514 475
1515 714
1516 771
1517 491
1518 481
1519 489
1520 554
1521 589
1522 459
1523 942
1524 593
1525 726
1526 793
1527 698
1528 571
1529 524
1530 587
1531 493
1532 493
1533 671
1534 590
1535 512
1536 672
1537 563
1538 660
1539 824
1540 486
1541 606
1542 467
1543 449
1544 468
1545 808
1546 836
1547 529
1548 509
1549 538
1550 820
1551 636
1552 534
1553 491
1554 491
1555 482
1556 556
1557 710
1558 524
1559 607
1560 495
1561 527
1562 492
1563 523
1564 669
1565 486
1566 503
1567 761
1568 539
1569 545
1570 489
1571 480
1572 521
1573 554
1574 576
1575 687
1576 633
1577 1002
1578 634
1579 631
1580 656
1581 826
1582 541
1583 548
1584 532
1585 590
1586 537
1587 567
1588 548
1589 726
1590 574
1591 707
1592 561
1593 502
1594 612
1595 540
1596 587
1597 645
1598 510
1599 682
1600 636
1601 517
1602 697
1603 538
1604 898
1605 549
1606 516
1607 535
1608 562
1609 708
1610 596
1611 763
1612 803
1613 616
1614 509
1615 562
1616 450
1617 551
1618 691
1619 518
1620 543
1621 434
1622 395
1623 358
1624 381
1625 381
1626 436
1627 427
1628 377
1629 322
1630 679
1631 488
1632 440
1633 398
1634 426
1635 420
1636 413
1637 360
1638 405
1639 392
1640 444
1641 406
1642 370
1643 397
1644 468
1645 430
1646 434
1647 377
1648 409
1649 441
1650 380
1651 543
1652 437
1653 415
1654 474
1655 421
1656 714
1657 426
1658 452
1659 366
1660 409
1661 423
1662 417
1663 420
1664 376
1665 354
1666 395
1667 387
1668 439
1669 344
1670 368
1671 401
1672 370
1673 445
1674 526
1675 382
1676 544
1677 452
1678 381
1679 395
1680 306
1681 656
1682 409
1683 411
1684 474
1685 363
1686 391
1687 444
1688 392
1689 381
1690 371
1691 392
1692 357
1693 397
1694 429
1695 429
1696 444
1697 377
1698 369
1699 371
1700 431
1701 356
1702 408
1703 338
1704 382
1705 354
1706 440
1707 759
1708 439
1709 392
1710 375
1711 503
1712 375
1713 378
1714 407
1715 387
1716 411
1717 416
1718 431
1719 414
1720 428
1721 399
1722 347
1723 407
1724 424
1725 434
1726 411
1727 391
1728 424
1729 400
1730 433
1731 371
1732 657
1733 462
1734 453
1735 430
1736 499
1737 367
1738 395
1739 416
1740 433
1741 480
1742 427
1743 389
1744 407
1745 368
1746 417
1747 349
1748 406
1749 433
1750 455
1751 431
1752 455
1753 351
1754 445
1755 429
1756 411
1757 742
1758 456
1759 434
1760 337
1761 327
1762 445
1763 413
1764 433
1765 350
1766 409
1767 410
1768 412
1769 404
1770 366
1771 355
1772 449
1773 426
1774 415
1775 404
1776 418
1777 392
1778 409
1779 470
1780 378
1781 754
1782 427
1783 444
1784 412
1785 434
1786 382
1787 453
1788 439
1789 432
1790 471
1791 725
1792 456
1793 482
1794 662
1795 662
1796 568
1797 437
1798 674
1799 811
1800 413
1801 736
1802 553
1803 518
1804 808
1805 4399
1806 1334
1807 528
1808 439
1809 412
1810 689
1811 391
1812 1076
1813 828
1814 762
1815 687
1816 760
1817 1054
1818 807
1819 625
1820 707
1821 680
1822 584
1823 649
1824 577
1825 590
1826 658
1827 609
1828 446
1829 1376
1830 471
1831 477
1832 495
1833 447
1834 499
1835 364
1836 431
1837 395
1838 385
1839 433
1840 511
1841 415
1842 507
1843 406
1844 349
1845 447
1846 991
1847 384
1848 673
1849 411
1850 423
1851 415
1852 758
1853 833
1854 770
1855 744
1856 799
1857 565
1858 877
1859 562
1860 581
1861 571
1862 716
1863 1529
1864 937
1865 640
1866 843
1867 576
1868 557
1869 772
1870 709
1871 332
1872 325
1873 258
1874 261
1875 482
1876 279
1877 268
1878 281
1879 262
1880 291
1881 377
1882 293
1883 330
1884 477
1885 290
1886 326
1887 255
1888 349
1889 357
1890 263
1891 400
1892 362
1893 284
1894 413
1895 449
1896 279
1897 347
1898 297
1899 335
1900 273
1901 323
1902 284
1903 283
1904 286
1905 285
1906 286
1907 593
1908 230
1909 297
1910 311
1911 260
1912 340
1913 335
1914 506
1915 264
1916 250
1917 373
1918 307
1919 348
1920 315
1921 273
1922 230
1923 289
1924 283
1925 458
1926 296
1927 302
1928 430
1929 288
1930 402
1931 311
1932 222
1933 287
1934 257
1935 276
1936 282
1937 242
1938 285
1939 357
1940 253
1941 491
1942 266
1943 264
1944 249
1945 259
1946 296
1947 263
1948 268
1949 260
1950 377
1951 209
1952 511
1953 293
1954 289
1955 257
1956 241
1957 251
1958 300
1959 254
1960 246
1961 222
1962 217
1963 362
1964 218
1965 233
1966 518
1967 290
1968 243
1969 313
1970 286
1971 335
1972 282
1973 268
1974 512
1975 250
1976 475
1977 257
1978 313
1979 397
1980 320
1981 226
1982 328
1983 335
1984 370
1985 566
1986 282
1987 344
1988 356
1989 376
1990 435
1991 231
1992 268
1993 291
1994 237
1995 324
1996 204
1997 278
1998 257
1999 237
2000 301
2001 323
2002 239
2003 356
2004 328
2005 405
2006 327
2007 290
2008 233
2009 198
2010 305
2011 188
2012 244
2013 236
2014 182
2015 351
2016 448
2017 287
2018 275
2019 193
2020 237
2021 314
2022 368
2023 292
2024 314
2025 242
2026 308
2027 313
2028 278
2029 306
2030 333
2031 295
2032 349
2033 296
2034 228
2035 415
2036 422
2037 308
2038 289
2039 240
2040 243
2041 426
2042 271
2043 261
2044 214
2045 236
2046 282
2047 803
2048 393
2049 322
2050 332
2051 291
2052 386
2053 282
2054 208
2055 283
2056 214
2057 265
2058 458
2059 309
2060 318
2061 201
2062 347
2063 238
2064 342
2065 455
2066 242
2067 351
2068 396
2069 304
2070 404
2071 301
2072 291
2073 259
2074 356
2075 238
2076 296
2077 368
2078 333
2079 271
2080 288
2081 441
2082 312
2083 463
2084 293
2085 263
2086 468
2087 303
2088 337
2089 368
2090 323
2091 344
2092 292
2093 264
2094 262
2095 256
2096 193
2097 224
2098 310
2099 255
2100 193
2101 218
2102 335
2103 295
2104 231
2105 351
2106 258
2107 255
2108 392
2109 338
2110 378
2111 404
2112 401
2113 277
2114 257
2115 188
2116 229
2117 256
2118 195
2119 258
2120 183
2121 240
2122 274
2123 273
2124 216
2125 221
2126 183
2127 222
2128 294
2129 236
2130 149
2131 242
2132 296
2133 238
2134 180
2135 216
2136 177
2137 215
2138 199
2139 221
2140 247
2141 244
2142 224
2143 224
2144 213
2145 234
2146 174
2147 271
2148 330
2149 268
2150 200
2151 238
2152 273
2153 227
2154 198
2155 261
2156 225
2157 218
2158 214
2159 178
2160 173
2161 200
2162 300
2163 333
2164 272
2165 184
2166 215
2167 351
2168 308
2169 253
2170 265
2171 257
2172 214
2173 187
2174 266
2175 222
2176 238
2177 288
2178 293
2179 237
2180 216
2181 254
2182 245
2183 266
2184 228
2185 253
2186 301
2187 341
2188 246
2189 255
2190 194
2191 288
2192 265
2193 146
2194 202
2195 268
2196 255
2197 269
2198 221
2199 233
2200 172
2201 186
2202 243
2203 183
2204 180
2205 201
2206 340
2207 212
2208 269
2209 227
2210 249
2211 248
2212 202
2213 212
2214 250
2215 217
2216 199
2217 244
2218 252
2219 170
2220 256
2221 236
2222 221
2223 226
2224 257
2225 329
2226 261
2227 228
2228 254
2229 238
2230 254
2231 217
2232 180
2233 222
2234 235
2235 233
2236 286
2237 179
2238 245
2239 254
2240 201
2241 188
2242 227
2243 248
2244 316
2245 259
2246 223
2247 193
2248 255
2249 312
2250 390
2251 282
2252 261
2253 260
2254 246
2255 189
2256 422
2257 204
2258 247
2259 311
2260 245
2261 218
2262 257
2263 355
2264 259
2265 245
2266 256
2267 251
2268 231
2269 208
2270 255
2271 219
2272 270
2273 182
2274 249
2275 188
2276 214
2277 226
2278 253
2279 239
2280 195
2281 167
2282 435
2283 239
2284 173
2285 222
2286 231
2287 247
2288 194
2289 268
2290 187
2291 358
2292 217
2293 244
2294 221
2295 198
2296 226
2297 231
2298 235
2299 255
2300 274
2301 288
2302 238
2303 241
2304 252
2305 261
2306 293
2307 265
2308 233
2309 250
2310 231
2311 234
2312 211
2313 255
2314 336
2315 206
2316 235
2317 510
2318 290
2319 271
2320 300
2321 202
2322 405
2323 176
2324 193
2325 179
2326 222
2327 226
2328 557
2329 211
2330 248
2331 292
2332 217
2333 230
2334 173
2335 268
2336 209
2337 221
2338 312
2339 222
2340 220
2341 212
2342 241
2343 239
2344 210
2345 235
2346 190
2347 187
2348 210
2349 267
2350 237
2351 250
2352 186
2353 172
2354 301
2355 165
2356 5645
2357 1185
2358 220
2359 222
2360 206
2361 250
2362 201
2363 250
2364 258
2365 224
2366 189
2367 177
2368 188
2369 159
2370 230
2371 239
2372 191
2373 193
2374 177
2375 250
2376 190
2377 215
2378 238
2379 231
2380 184
2381 243
2382 205
2383 278
2384 223
2385 277
2386 268
2387 230
2388 242
2389 202
2390 220
2391 194
2392 263
2393 226
2394 202
2395 192
2396 205
2397 175
2398 239
2399 195
2400 234
2401 220
2402 218
2403 251
2404 271
2405 204
2406 221
2407 232
2408 226
2409 252
2410 221
2411 281
2412 246
2413 251
2414 240
2415 236
2416 203
2417 194
2418 276
2419 399
2420 255
2421 197
2422 218
2423 205
2424 247
2425 231
2426 207
2427 220
2428 223
2429 202
2430 184
2431 252
2432 214
2433 163
2434 153
2435 236
2436 229
2437 260
2438 254
2439 218
2440 166
2441 206
2442 305
2443 181
2444 218
2445 220
2446 199
2447 301
2448 216
2449 200
2450 254
2451 191
2452 237
2453 284
2454 219
2455 289
2456 200
2457 184
2458 178
2459 222
2460 230
2461 222
2462 174
2463 176
2464 232
2465 248
2466 211
2467 198
2468 234
2469 215
2470 238
2471 208
2472 195
2473 224
2474 214
2475 193
2476 227
2477 215
2478 193
2479 280
2480 240
2481 220
2482 242
2483 342
2484 210
2485 204
2486 201
2487 278
2488 189
2489 223
2490 181
2491 281
2492 182
2493 219
2494 208
2495 252
2496 178
2497 194
2498 213
2499 255
2500 248
2501 273
2502 222
2503 205
2504 222
2505 193
2506 200
2507 216
2508 217
2509 215
2510 144
2511 224
2512 157
2513 219
2514 261
2515 185
2516 177
2517 169
2518 314
2519 210
2520 277
2521 290
2522 195
2523 240
2524 238
2525 226
2526 260
2527 198
2528 212
2529 275
2530 256
2531 196
2532 202
2533 202
2534 192
2535 222
2536 227
2537 224
2538 195
2539 242
2540 274
2541 215
2542 228
2543 222
2544 215
2545 254
2546 235
2547 343
2548 202
2549 227
2550 220
2551 263
2552 275
2553 221
2554 230
2555 243
2556 220
2557 164
2558 245
2559 257
2560 236
2561 251
2562 263
2563 231
2564 201
2565 250
2566 201
2567 263
2568 236
2569 233
2570 354
2571 240
2572 224
2573 228
2574 253
2575 242
2576 190
2577 250
2578 236
2579 256
2580 224
2581 248
2582 184
2583 241
2584 220
2585 220
2586 351
2587 276
2588 286
2589 270
2590 216
2591 214
2592 212
2593 295
2594 267
2595 222
2596 266
2597 284
2598 250
2599 273
2600 277
2601 226
2602 264
2603 197
2604 238
2605 218
2606 240
2607 238
2608 262
2609 260
2610 251
2611 246
2612 215
2613 227
2614 244
2615 677
2616 527
2617 443
2618 277
2619 248
2620 481
2621 297
2622 210
2623 273
2624 249
2625 262
2626 277
2627 271
2628 197
2629 250
2630 270
2631 254
2632 251
2633 205
2634 248
2635 252
2636 171
2637 257
2638 215
2639 242
2640 277
2641 250
2642 219
2643 264
2644 248
2645 285
2646 279
2647 250
2648 181
2649 247
2650 238
2651 225
2652 222
2653 306
2654 244
2655 311
2656 229
2657 237
2658 258
2659 190
2660 258
2661 292
2662 299
2663 263
2664 192
2665 285
2666 197
2667 242
2668 237
2669 253
2670 220
2671 247
2672 173
2673 234
2674 257
2675 356
2676 208
2677 272
2678 192
2679 284
2680 203
2681 203
2682 256
2683 274
2684 356
2685 263
2686 317
2687 321
2688 242
2689 198
2690 250
2691 201
2692 234
2693 250
2694 249
2695 291
2696 212
2697 261
2698 371
2699 168
2700 212
2701 197
2702 250
2703 222
2704 217
2705 247
2706 214
2707 297
2708 208
2709 217
2710 245
2711 204
2712 225
2713 230
2714 287
2715 264
2716 247
2717 450
2718 320
2719 221
2720 229
2721 238
2722 265
2723 243
2724 231
2725 211
2726 237
2727 244
2728 245
2729 285
2730 466
2731 310
2732 256
2733 274
2734 200
2735 191
2736 268
2737 274
2738 263
2739 421
2740 389
2741 332
2742 301
2743 241
2744 216
2745 262
2746 265
2747 260
2748 224
2749 303
2750 339
2751 240
2752 280
2753 203
2754 259
2755 214
2756 245
2757 263
2758 232
2759 278
2760 215
2761 214
2762 249
2763 192
2764 232
2765 290
2766 320
2767 299
2768 263
2769 224
2770 237
2771 201
2772 284
2773 320
2774 258
2775 232
2776 218
2777 236
2778 233
2779 208
2780 205
2781 257
2782 327
2783 274
2784 244
2785 221
2786 228
2787 214
2788 272
2789 224
2790 183
2791 187
2792 222
2793 188
2794 266
2795 224
2796 253
2797 232
2798 259
2799 196
2800 218
2801 239
2802 246
2803 385
2804 257
2805 266
2806 235
2807 237
2808 262
2809 233
2810 249
2811 245
2812 315
2813 322
2814 286
2815 190
2816 203
2817 172
2818 308
2819 266
2820 292
2821 228
2822 214
2823 233
2824 193
2825 277
2826 319
2827 264
2828 263
2829 218
2830 199
2831 255
2832 289
2833 220
2834 282
2835 275
2836 276
2837 191
2838 261
2839 242
2840 216
2841 250
2842 229
2843 199
2844 290
2845 262
2846 226
2847 284
2848 252
2849 224
2850 264
2851 195
2852 280
2853 277
2854 237
2855 233
2856 196
2857 273
2858 328
2859 231
2860 224
2861 209
2862 269
2863 292
2864 258
2865 229
2866 206
2867 230
2868 253
2869 250
2870 268
2871 178
2872 218
2873 241
2874 246
2875 319
2876 285
2877 254
2878 229
2879 250
2880 197
2881 201
2882 209
2883 197
2884 237
2885 223
2886 276
2887 287
2888 239
2889 272
2890 246
2891 177
2892 233
2893 280
2894 223
2895 224
2896 282
2897 246
2898 240
2899 252
2900 252
2901 259
2902 212
2903 221
2904 184
2905 280
2906 241
2907 277
2908 182
2909 204
2910 206
2911 227
2912 208
2913 258
2914 226
2915 227
2916 241
2917 261
2918 215
2919 215
2920 298
2921 247
2922 224
2923 217
2924 225
2925 245
2926 200
2927 233
2928 195
2929 214
2930 221
2931 340
2932 185
2933 269
2934 230
2935 281
2936 258
2937 301
2938 249
2939 231
2940 209
2941 277
2942 270
2943 236
2944 277
2945 281
2946 205
2947 243
2948 307
2949 204
2950 209
2951 204
2952 274
2953 219
2954 354
2955 281
2956 224
2957 256
2958 188
2959 232
2960 229
2961 267
2962 242
2963 228
2964 388
2965 256
2966 267
2967 282
2968 294
2969 264
2970 245
2971 266
2972 267
2973 258
2974 191
2975 229
2976 249
2977 217
2978 301
2979 251
2980 262
2981 285
2982 246
2983 268
2984 296
2985 270
2986 170
2987 251
2988 197
2989 294
2990 224
2991 255
2992 237
2993 351
2994 225
2995 291
2996 252
2997 275
2998 221
2999 271
3000 206
3001 245
3002 232
3003 225
3004 260
3005 284
3006 248
3007 176
3008 235
3009 215
3010 241
3011 209
3012 222
3013 197
3014 289
3015 213
3016 260
3017 277
3018 181
3019 301
3020 233
3021 288
3022 295
3023 217
3024 225
3025 196
3026 297
3027 263
3028 231
3029 221
3030 202
3031 203
3032 286
3033 241
3034 286
3035 255
3036 270
3037 226
3038 240
3039 188
3040 240
3041 553
3042 418
3043 478
3044 280
3045 292
3046 215
3047 254
3048 296
3049 265
3050 255
3051 345
3052 244
3053 280
3054 244
3055 239
3056 289
3057 232
3058 255
3059 366
3060 216
3061 270
3062 233
3063 258
3064 219
3065 236
3066 204
3067 283
3068 256
3069 187
3070 316
3071 211
3072 232
3073 234
3074 180
3075 253
3076 245
3077 215
3078 233
3079 375
3080 286
3081 234
3082 348
3083 168
3084 230
3085 243
3086 270
3087 232
3088 186
3089 262
3090 228
3091 245
3092 253
3093 228
3094 264
3095 258
3096 209
3097 221
3098 225
3099 190
3100 250
3101 190
3102 228
3103 222
3104 188
3105 270
3106 256
3107 322
3108 240
3109 278
3110 277
3111 218
3112 196
3113 256
3114 221
3115 257
3116 238
3117 233
3118 213
3119 216
3120 268
3121 221
3122 223
3123 222
3124 238
3125 269
3126 277
3127 283
3128 282
3129 259
3130 188
3131 209
3132 329
3133 206
3134 240
3135 367
3136 256
3137 216
3138 238
3139 247
3140 244
3141 244
3142 257
3143 251
3144 267
3145 283
3146 257
3147 230
3148 241
3149 383
3150 294
3151 314
3152 259
3153 231
3154 257
3155 222
3156 332
3157 307
3158 199
3159 211
3160 276
3161 269
3162 274
3163 376
3164 300
3165 252
3166 239
3167 240
3168 267
3169 341
3170 250
3171 224
3172 263
3173 236
3174 235
3175 199
3176 218
3177 222
3178 231
3179 268
3180 267
3181 214
3182 238
3183 232
3184 245
3185 277
3186 258
3187 368
3188 236
3189 200
3190 313
3191 225
3192 199
3193 258
3194 254
3195 242
3196 243
3197 270
3198 267
3199 288
3200 296
3201 216
3202 293
3203 252
3204 279
3205 236
3206 284
3207 244
3208 231
3209 271
3210 335
3211 286
3212 240
3213 211
3214 243
3215 276
3216 245
3217 296
3218 339
3219 318
3220 239
3221 246
3222 206
3223 248
3224 249
3225 200
3226 243
3227 277
3228 214
3229 253
3230 208
3231 238
3232 193
3233 231
3234 281
3235 260
3236 260
3237 256
3238 228
3239 217
3240 262
3241 260
3242 246
3243 223
3244 283
3245 246
3246 255
3247 225
3248 194
3249 210
3250 229
3251 200
3252 184
3253 262
3254 223
3255 216
3256 211
3257 268
3258 240
3259 260
3260 223
3261 208
3262 199
3263 274
3264 229
3265 279
3266 236
3267 225
3268 234
3269 218
3270 196
3271 326
3272 269
3273 288
3274 270
3275 260
3276 228
3277 227
3278 279
3279 192
3280 200
3281 201
3282 253
3283 230
3284 284
3285 240
3286 227
3287 240
3288 239
3289 231
3290 267
3291 294
3292 200
3293 275
3294 209
3295 228
3296 230
3297 222
3298 272
3299 314
3300 285
3301 209
3302 227
3303 169
3304 264
3305 224
3306 268
3307 245
3308 227
3309 199
3310 232
3311 259
3312 204
3313 221
3314 195
3315 333
3316 236
3317 181
3318 216
3319 204
3320 200
3321 224
3322 260
3323 244
3324 418
3325 288
3326 255
3327 217
3328 256
3329 226
3330 224
3331 312
3332 279
3333 264
3334 242
3335 238
3336 235
3337 212
3338 337
3339 221
3340 188
3341 267
3342 222
3343 243
3344 176
3345 179
3346 265
3347 191
3348 216
3349 191
3350 292
3351 262
3352 214
3353 250
3354 304
3355 226
3356 226
3357 255
3358 248
3359 181
3360 260
3361 228
3362 242
3363 267
3364 272
3365 194
3366 221
3367 280
3368 258
3369 182
3370 202
3371 222
3372 167
3373 204
3374 211
3375 253
3376 372
3377 228
3378 284
3379 222
3380 216
3381 270
3382 223
3383 227
3384 266
3385 267
3386 185
3387 217
3388 273
3389 239
3390 261
3391 270
3392 275
3393 234
3394 271
3395 223
3396 204
3397 196
3398 254
3399 220
3400 227
3401 254
3402 322
3403 218
3404 254
3405 248
3406 264
3407 250
3408 207
3409 256
3410 244
3411 254
3412 208
3413 248
3414 191
3415 245
3416 267
3417 240
3418 215
3419 219
3420 223
3421 261
3422 197
3423 218
3424 264
3425 215
3426 227
3427 214
3428 331
3429 257
3430 235
3431 230
3432 239
3433 345
3434 286
3435 240
3436 253
3437 278
3438 223
3439 216
3440 210
3441 263
3442 244
3443 367
3444 277
3445 205
3446 286
3447 218
3448 266
3449 225
3450 241
3451 186
3452 221
3453 328
3454 224
3455 209
3456 219
3457 200
3458 296
3459 240
3460 222
3461 239
3462 211
3463 228
3464 234
3465 238
3466 358
3467 331
3468 239
3469 219
3470 266
3471 239
3472 179
3473 216
3474 202
3475 276
3476 236
3477 236
3478 282
3479 250
3480 224
3481 230
3482 202
3483 290
3484 208
3485 279
3486 263
3487 262
3488 273
3489 242
3490 217
3491 222
3492 240
3493 237
3494 231
3495 229
3496 197
3497 243
3498 228
3499 230
3500 243
3501 222
3502 218
3503 329
3504 276
3505 280
3506 245
3507 269
3508 226
3509 255
3510 243
3511 268
3512 225
3513 232
3514 244
3515 302
3516 248
3517 240
3518 204
3519 259
3520 273
3521 221
3522 266
3523 286
3524 258
3525 254
3526 234
3527 277
3528 338
3529 253
3530 255
3531 288
3532 189
3533 219
3534 247
3535 287
3536 209
3537 270
3538 260
3539 301
3540 254
3541 197
3542 203
3543 231
3544 258
3545 245
3546 258
3547 188
3548 272
3549 255
3550 226
3551 212
3552 246
3553 346
3554 303
3555 246
3556 273
3557 258
3558 253
3559 215
3560 248
3561 235
3562 226
3563 260
3564 274
3565 237
3566 180
3567 305
3568 238
3569 235
3570 186
3571 364
3572 244
3573 220
3574 227
3575 230
3576 273
3577 394
3578 222
3579 307
3580 221
3581 257
3582 245
3583 252
3584 255
3585 251
3586 207
3587 304
3588 255
3589 247
3590 206
3591 246
3592 251
3593 277
3594 383
3595 246
3596 221
3597 245
3598 221
3599 286
3600 232
3601 386
3602 318
3603 277
3604 200
3605 244
3606 276
3607 251
3608 176
3609 215
3610 237
3611 237
3612 250
3613 259
3614 204
3615 216
3616 246
3617 236
3618 281
3619 196
3620 204
3621 235
3622 268
3623 248
3624 200
3625 330
3626 254
3627 224
3628 203
3629 252
3630 297
3631 277
3632 241
3633 228
3634 254
3635 280
3636 220
3637 263
3638 214
3639 214
3640 312
3641 218
3642 263
3643 223
3644 261
3645 189
3646 282
3647 226
3648 210
3649 378
3650 280
3651 298
3652 223
3653 178
3654 252
3655 249
3656 257
3657 288
3658 273
3659 236
3660 256
3661 239
3662 232
3663 196
3664 189
3665 312
3666 225
3667 206
3668 230
3669 235
3670 192
3671 252
3672 202
3673 338
3674 224
3675 238
3676 256
3677 284
3678 247
3679 244
3680 186
3681 226
3682 175
3683 203
3684 220
3685 212
3686 198
3687 197
3688 279
3689 268
3690 250
3691 234
3692 188
3693 194
3694 240
3695 236
3696 292
3697 331
3698 221
3699 340
3700 198
3701 305
3702 197
3703 261
3704 245
3705 238
3706 223
3707 279
3708 257
3709 276
3710 178
3711 263
3712 230
3713 229
3714 207
3715 299
3716 257
3717 233
3718 248
3719 252
3720 273
3721 330
3722 347
3723 222
3724 229
3725 213
3726 258
3727 289
3728 254
3729 236
3730 231
3731 225
3732 276
3733 210
3734 237
3735 230
3736 193
3737 231
3738 199
3739 244
3740 191
3741 283
3742 351
3743 230
3744 319
3745 269
3746 267
3747 227
3748 224
3749 249
3750 249
3751 231
3752 241
3753 295
3754 229
3755 215
3756 301
3757 208
3758 265
3759 278
3760 185
3761 179
3762 199
3763 235
3764 209
3765 255
3766 212
3767 330
3768 247
3769 209
3770 181
3771 211
3772 286
3773 253
3774 241
3775 226
3776 195
3777 243
3778 262
3779 216
3780 236
3781 267
3782 205
3783 248
3784 307
3785 243
3786 237
3787 240
3788 202
3789 192
3790 328
3791 252
3792 210
3793 265
3794 219
3795 197
3796 223
3797 202
3798 313
3799 182
3800 195
3801 283
3802 255
3803 271
3804 255
3805 232
3806 180
3807 195
3808 201
3809 235
3810 238
3811 234
3812 206
3813 335
3814 263
3815 251
3816 222
3817 220
3818 275
3819 237
3820 253
3821 260
3822 256
3823 210
3824 194
3825 256
3826 201
3827 349
3828 227
3829 290
3830 226
3831 251
3832 260
3833 248
3834 189
3835 186
3836 350
3837 266
3838 188
3839 280
3840 202
3841 293
3842 199
3843 268
3844 250
3845 191
3846 265
3847 237
3848 242
3849 216
3850 315
3851 203
3852 281
3853 220
3854 203
3855 275
3856 257
3857 292
3858 259
3859 373
3860 286
3861 229
3862 253
3863 270
3864 221
3865 245
3866 204
3867 237
3868 271
3869 273
3870 290
3871 210
3872 254
3873 268
3874 299
3875 234
3876 197
3877 215
3878 274
3879 232
3880 267
3881 346
3882 229
3883 177
3884 209
3885 215
3886 223
3887 272
3888 262
3889 264
3890 246
3891 259
3892 220
3893 243
3894 207
3895 256
3896 218
3897 213
3898 245
3899 215
3900 236
3901 223
3902 263
3903 219
3904 362
3905 334
3906 274
3907 259
3908 247
3909 227
3910 223
3911 253
3912 293
3913 186
3914 257
3915 244
3916 183
3917 278
3918 218
3919 261
3920 262
3921 231
3922 231
3923 229
3924 201
3925 205
3926 311
3927 223
3928 185
3929 249
3930 242
3931 209
3932 227
3933 185
3934 238
3935 245
3936 230
3937 208
3938 230
3939 290
3940 272
3941 257
3942 249
3943 193
3944 224
3945 544
3946 583
3947 482
3948 516
3949 517
3950 552
3951 449
3952 467
3953 325
3954 772
3955 791
3956 526
3957 598
3958 567
3959 576
3960 534
3961 485
3962 526
3963 479
3964 445
3965 553
3966 687
3967 664
3968 666
3969 502
3970 678
3971 664
3972 491
3973 664
3974 454
3975 563
3976 393
3977 507
3978 777
3979 548
3980 493
3981 605
3982 621
3983 372
3984 360
3985 340
3986 297
3987 282
3988 199
3989 256
3990 301
3991 311
3992 349
3993 259
3994 259
3995 272
3996 238
3997 202
3998 213
3999 263
4000 265
4001 228
4002 217
4003 216
4004 269
4005 281
4006 235
4007 289
4008 234
4009 202
4010 245
4011 213
4012 265
4013 239
4014 265
4015 279
4016 212
4017 244
4018 234
4019 268
4020 224
4021 196
4022 259
4023 216
4024 307
4025 232
4026 195
4027 206
4028 248
4029 214
4030 195
4031 263
4032 263
4033 222
4034 221
4035 244
4036 281
4037 220
4038 223
4039 240
4040 293
4041 279
4042 217
4043 211
4044 199
4045 155
4046 223
4047 263
4048 267
4049 244
4050 235
4051 242
4052 247
4053 195
4054 225
4055 267
4056 190
4057 323
4058 264
4059 301
4060 252
4061 229
4062 286
4063 258
4064 268
4065 277
4066 184
4067 174
4068 206
4069 213
4070 238
4071 172
4072 232
4073 211
4074 213
4075 239
4076 197
4077 210
4078 244
4079 270
4080 234
4081 528
4082 409
4083 502
4084 320
4085 241
4086 217
4087 242
4088 260
4089 230
4090 222
4091 221
4092 241
4093 323
4094 257
4095 236
4096 288
4097 263
4098 261
4099 301
4100 367
4101 300
4102 269
4103 260
4104 217
4105 205
4106 325
4107 205
4108 232
4109 275
4110 198
4111 224
4112 257
4113 262
4114 173
4115 213
4116 271
4117 263
4118 239
4119 240
4120 257
4121 255
4122 214
4123 222
4124 184
4125 227
4126 244
4127 221
4128 213
4129 382
4130 259
4131 198
4132 187
4133 281
4134 310
4135 258
4136 244
4137 223
4138 248
4139 244
4140 290
4141 216
4142 316
4143 245
4144 226
4145 181
4146 224
4147 254
4148 220
4149 267
4150 245
4151 287
4152 241
4153 235
4154 261
4155 235
4156 222
4157 229
4158 266
4159 284
4160 328
4161 233
4162 237
4163 202
4164 230
4165 230
4166 281
4167 284
4168 302
4169 219
4170 228
4171 229
4172 245
4173 338
4174 202
4175 224
4176 240
4177 284
4178 215
4179 260
4180 320
4181 236
4182 244
4183 194
4184 375
4185 251
4186 264
4187 243
4188 237
4189 217
4190 204
4191 241
4192 262
4193 309
4194 282
4195 280
4196 249
4197 272
4198 293
4199 178
4200 285
4201 194
4202 256
4203 245
4204 212
4205 224
4206 228
4207 1649
4208 225
4209 297
4210 230
4211 344
4212 266
4213 283
4214 525
4215 370
4216 494
4217 368
4218 361
4219 292
4220 262
4221 258
4222 329
4223 211
4224 255
4225 246
4226 314
4227 285
4228 273
4229 260
4230 243
4231 224
4232 239
4233 209
4234 369
4235 235
4236 258
4237 241
4238 269
4239 250
4240 242
4241 234
4242 209
4243 182
4244 258
4245 198
4246 248
4247 273
4248 243
4249 221
4250 209
4251 229
4252 267
4253 247
4254 265
4255 190
4256 229
4257 243
4258 210
4259 263
4260 203
4261 344
4262 223
4263 215
4264 217
4265 233
4266 273
4267 278
4268 288
4269 243
4270 257
4271 226
4272 209
4273 279
4274 263
4275 290
4276 264
4277 225
4278 290
4279 256
4280 221
4281 213
4282 244
4283 239
4284 300
4285 239
4286 243
4287 204
4288 282
4289 253
4290 212
4291 328
4292 253
4293 232
4294 247
4295 275
4296 226
4297 276
4298 275
4299 242
4300 216
4301 233
4302 256
4303 299
4304 229
4305 210
4306 182
4307 225
4308 361
4309 266
4310 172
4311 254
4312 210
4313 193
4314 192
4315 233
4316 262
4317 211
4318 262
4319 200
4320 224
4321 196
4322 209
4323 309
4324 225
4325 171
4326 187
4327 231
4328 233
4329 252
4330 211
4331 199
4332 220
4333 197
4334 227
4335 309
4336 223
4337 243
4338 220
4339 376
4340 242
4341 303
4342 247
4343 209
4344 207
4345 210
4346 190
4347 157
4348 233
4349 284
4350 211
4351 251
4352 13011
4353 241
4354 238
4355 240
4356 253
4357 177
4358 220
4359 197
4360 226
4361 246
4362 359
4363 218
4364 201
4365 205
4366 211
4367 223
4368 221
4369 238
4370 293
4371 220
4372 237
4373 197
4374 284
4375 215
4376 221
4377 212
4378 258
4379 223
4380 295
4381 274
4382 197
4383 224
4384 259
4385 243
4386 237
4387 240
4388 263
4389 316
4390 250
4391 249
4392 279
4393 217
4394 249
4395 198
4396 238
4397 231
4398 186
4399 218
4400 286
4401 235
4402 284
4403 186
4404 283
4405 210
4406 224
4407 271
4408 201
4409 240
4410 244
4411 213
4412 262
4413 185
4414 181
4415 202
4416 187
4417 210
4418 200
4419 229
4420 203
4421 274
4422 245
4423 228
4424 219
4425 239
4426 258
4427 164
4428 193
4429 288
4430 204
4431 310
4432 255
4433 203
4434 259
4435 209
4436 204
4437 221
4438 257
4439 247
4440 225
4441 239
4442 198
4443 203
4444 187
4445 243
4446 217
4447 247
4448 220
4449 255
4450 208
4451 227
4452 213
4453 263
4454 222
4455 205
4456 207
4457 215
4458 248
4459 218
4460 181
4461 257
4462 226
4463 203
4464 233
4465 177
4466 183
4467 290
4468 327
4469 244
4470 231
4471 270
4472 265
4473 217
4474 239
4475 231
4476 228
4477 271
4478 251
4479 168
4480 227
4481 250
4482 189
4483 253
4484 238
4485 293
4486 221
4487 264
4488 250
4489 222
4490 331
4491 197
4492 210
4493 207
4494 179
4495 278
4496 215
4497 255
4498 215
4499 196
4500 227
4501 204
4502 225
4503 170
4504 240
4505 224
4506 156
4507 318
4508 217
4509 242
4510 181
4511 325
4512 263
4513 241
4514 257
4515 187
4516 257
4517 259
4518 202
4519 231
4520 168
4521 244
4522 280
4523 257
4524 231
4525 282
4526 211
4527 213
4528 278
4529 234
4530 203
4531 242
4532 216
4533 283
4534 276
4535 249
4536 222
4537 233
4538 218
4539 272
4540 278
4541 199
4542 211
4543 250
4544 256
4545 206
4546 291
4547 244
4548 277
4549 242
4550 251
4551 242
4552 257
4553 266
4554 227
4555 196
4556 270
4557 221
4558 249
4559 224
4560 308
4561 250
4562 227
4563 224
4564 263
4565 208
4566 203
4567 250
4568 216
4569 225
4570 181
4571 209
4572 163
4573 232
4574 206
4575 236
4576 274
4577 235
4578 262
4579 269
4580 190
4581 221
4582 238
4583 241
4584 288
4585 242
4586 219
4587 294
4588 234
4589 201
4590 258
4591 256
4592 265
4593 203
4594 285
4595 339
4596 275
4597 241
4598 209
4599 256
4600 229
4601 243
4602 263
4603 209
4604 222
4605 214
4606 227
4607 194
4608 314
4609 199
4610 244
4611 200
4612 176
4613 252
4614 198
4615 204
4616 322
4617 250
4618 368
4619 169
4620 211
4621 214
4622 398
4623 250
4624 206
4625 244
4626 218
4627 276
4628 234
4629 270
4630 293
4631 293
4632 212
4633 243
4634 215
4635 273
4636 191
4637 204
4638 258
4639 216
4640 239
4641 225
4642 211
4643 252
4644 219
4645 221
4646 201
4647 236
4648 235
4649 241
4650 211
4651 238
4652 201
4653 205
4654 216
4655 278
4656 221
4657 230
4658 228
4659 219
4660 300
4661 233
4662 319
4663 248
4664 192
4665 220
4666 220
4667 286
4668 214
4669 190
4670 289
4671 195
4672 214
4673 236
4674 235
4675 212
4676 245
4677 251
4678 227
4679 246
4680 255
4681 233
4682 303
4683 271
4684 208
4685 410
4686 238
4687 216
4688 291
4689 249
4690 276
4691 295
4692 269
4693 229
4694 312
4695 232
4696 267
4697 13207
4698 253
4699 290
4700 253
4701 220
4702 257
4703 286
4704 219
4705 205
4706 240
4707 282
4708 231
4709 306
4710 249
4711 229
4712 254
4713 204
4714 242
4715 258
4716 268
4717 199
4718 236
4719 212
4720 245
4721 244
4722 200
4723 401
4724 200
4725 228
4726 215
4727 235
4728 267
4729 242
4730 265
4731 264
4732 240
4733 261
4734 287
4735 280
4736 216
4737 264
4738 295
4739 242
4740 243
4741 247
4742 281
4743 284
4744 265
4745 282
4746 421
4747 185
4748 212
4749 276
4750 380
4751 15519
4752 290
4753 389
4754 232
4755 248
4756 282
4757 272
4758 250
4759 209
4760 319
4761 249
4762 218
4763 257
4764 236
4765 270
4766 240
4767 261
4768 273
4769 265
4770 217
4771 341
4772 269
4773 282
4774 281
4775 225
4776 255
4777 262
4778 284
4779 276
4780 263
4781 275
4782 299
4783 219
4784 248
4785 191
4786 246
4787 268
4788 217
4789 255
4790 255
4791 216
4792 230
4793 265
4794 255
4795 232
4796 257
4797 225
4798 181
4799 191
4800 227
4801 298
4802 225
4803 246
4804 278
4805 246
4806 250
4807 211
4808 513
4809 243
4810 299
4811 277
4812 316
4813 227
4814 248
4815 321
4816 218
4817 269
4818 269
4819 246
4820 248
4821 234
4822 215
4823 237
4824 294
4825 300
4826 252
4827 264
4828 216
4829 293
4830 214
4831 207
4832 212
4833 350
4834 203
4835 342
4836 244
4837 248
4838 221
4839 200
4840 281
4841 237
4842 240
4843 226
4844 514
4845 370
4846 275
4847 349
4848 304
4849 234
4850 195
4851 353
4852 313
4853 246
4854 212
4855 259
4856 232
4857 271
4858 207
4859 221
4860 241
4861 277
4862 235
4863 220
4864 224
4865 202
4866 223
4867 230
4868 177
4869 270
4870 318
4871 240
4872 238
4873 252
4874 387
4875 271
4876 301
4877 294
4878 226
4879 261
4880 345
4881 268
4882 271
4883 239
4884 208
4885 214
4886 246
4887 221
4888 274
4889 250
4890 218
4891 212
4892 214
4893 226
4894 257
4895 276
4896 290
4897 219
4898 215
4899 279
4900 304
4901 255
4902 248
4903 263
4904 256
4905 307
4906 211
4907 167
4908 254
4909 187
4910 215
4911 222
4912 232
4913 230
4914 218
4915 199
4916 322
4917 271
4918 220
4919 206
4920 279
4921 210
4922 229
4923 260
4924 256
4925 291
4926 262
4927 244
4928 261
4929 244
4930 243
4931 203
4932 259
4933 294
4934 174
4935 348
4936 245
4937 205
4938 191
4939 239
4940 229
4941 229
4942 216
4943 225
4944 270
4945 227
4946 215
4947 188
4948 263
4949 264
4950 206
4951 279
4952 468
4953 253
4954 243
4955 320
4956 337
4957 255
4958 234
4959 265
4960 215
4961 193
4962 246
4963 215
4964 276
4965 228
4966 296
4967 237
4968 222
4969 241
4970 167
4971 248
4972 189
4973 294
4974 258
4975 203
4976 238
4977 219
4978 248
4979 358
4980 243
4981 242
4982 228
4983 199
4984 262
4985 230
4986 217
4987 355
4988 255
4989 284
4990 265
4991 296
4992 270
4993 273
4994 224
4995 271
4996 317
4997 268
4998 274
4999 269
5000 298
5001 311
5002 373
5003 219
5004 246
5005 234
5006 292
5007 201
5008 224
5009 235
5010 252
5011 278
5012 302
5013 441
5014 238
5015 304
5016 258
5017 276
5018 210
5019 291
5020 253
5021 241
5022 329
5023 293
5024 281
5025 341
5026 343
5027 234
5028 323
5029 224
5030 241
5031 249
5032 295
5033 215
5034 211
5035 279
5036 238
5037 227
5038 218
5039 272
5040 269
5041 254
5042 292
5043 250
5044 253
5045 240
5046 202
5047 188
5048 265
5049 243
5050 192
5051 256
5052 210
5053 247
5054 261
5055 270
5056 258
5057 350
5058 245
5059 294
5060 222
5061 245
5062 329
5063 178
5064 238
5065 310
5066 199
5067 236
5068 259
5069 246
5070 214
5071 229
5072 288
5073 260
5074 260
5075 234
5076 271
5077 186
5078 256
5079 239
5080 231
5081 274
5082 245
5083 282
5084 226
5085 237
5086 243
5087 275
5088 217
5089 217
5090 199
5091 364
5092 264
5093 228
5094 210
5095 241
5096 241
5097 340
5098 265
5099 251
5100 255
5101 217
5102 261
5103 246
5104 195
5105 219
5106 272
5107 328
5108 235
5109 209
5110 257
5111 346
5112 424
5113 244
5114 289
5115 233
5116 250
5117 234
5118 219
5119 259
5120 252
5121 293
5122 223
5123 268
5124 221
5125 371
5126 278
5127 185
5128 260
5129 275
5130 424
5131 245
5132 254
5133 223
5134 278
5135 267
5136 240
5137 197
5138 261
5139 315
5140 274
5141 282
5142 264
5143 237
5144 253
5145 274
5146 258
5147 261
5148 203
5149 211
5150 205
5151 246
5152 282
5153 262
5154 220
5155 201
5156 200
5157 251
5158 265
5159 307
5160 262
5161 342
5162 216
5163 215
5164 226
5165 245
5166 203
5167 278
5168 241
5169 235
5170 232
5171 181
5172 233
5173 248
5174 248
5175 259
5176 208
5177 214
5178 188
5179 264
5180 279
5181 320
5182 264
5183 279
5184 268
5185 238
5186 289
5187 233
5188 281
5189 242
5190 261
5191 234
5192 263
5193 345
5194 284
5195 296
5196 214
5197 341
5198 211
5199 265
5200 242
5201 308
5202 252
5203 227
5204 330
5205 199
5206 275
5207 219
5208 289
5209 254
5210 174
5211 295
5212 263
5213 243
5214 230
5215 225
5216 179
5217 216
5218 238
5219 281
5220 219
5221 283
5222 219
5223 249
5224 253
5225 240
5226 279
5227 361
5228 281
5229 278
5230 246
5231 220
5232 294
5233 228
5234 245
5235 315
5236 233
5237 244
5238 230
5239 225
5240 234
5241 272
5242 234
5243 265
5244 280
5245 252
5246 280
5247 234
5248 318
5249 299
5250 206
5251 263
5252 260
5253 211
5254 178
5255 235
5256 237
5257 236
5258 376
5259 250
5260 338
5261 286
5262 270
5263 270
5264 259
5265 211
5266 288
5267 282
5268 269
5269 255
5270 252
5271 272
5272 344
5273 247
5274 256
5275 247
5276 211
5277 203
5278 220
5279 214
5280 203
5281 239
5282 333
5283 259
5284 211
5285 247
5286 260
5287 295
5288 261
5289 254
5290 288
5291 214
5292 272
5293 309
5294 319
5295 243
5296 199
5297 210
5298 264
5299 231
5300 223
5301 251
5302 219
5303 250
5304 228
5305 239
5306 289
5307 185
5308 260
5309 212
5310 229
5311 303
5312 288
5313 234
5314 281
5315 246
5316 281
5317 267
5318 311
5319 250
5320 279
5321 309
5322 219
5323 212
5324 308
5325 193
5326 299
5327 277
5328 255
5329 299
5330 230
5331 257
5332 262
5333 246
5334 272
5335 259
5336 296
5337 276
5338 248
5339 304
5340 268
5341 185
5342 230
5343 265
5344 278
5345 226
5346 298
5347 296
5348 246
5349 247
5350 287
5351 224
5352 242
5353 246
5354 228
5355 218
5356 268
5357 322
5358 217
5359 363
5360 218
5361 243
5362 347
5363 379
5364 213
5365 243
5366 260
5367 245
5368 245
5369 227
5370 209
5371 300
5372 279
5373 284
5374 261
5375 222
5376 213
5377 226
5378 240
5379 286
5380 247
5381 235
5382 294
5383 234
5384 218
5385 245
5386 380
5387 262
5388 303
5389 202
5390 265
5391 200
5392 328
5393 249
5394 232
5395 237
5396 210
5397 286
5398 277
5399 223
5400 263
5401 275
5402 236
5403 245
5404 243
5405 176
5406 261
5407 284
5408 232
5409 254
5410 219
5411 279
5412 265
5413 245
5414 342
5415 219
5416 214
5417 229
5418 276
5419 296
5420 250
5421 229
5422 194
5423 214
5424 322
5425 330
5426 287
5427 292
5428 194
5429 257
5430 267
5431 277
5432 247
5433 284
5434 258
5435 220
5436 185
5437 223
5438 256
5439 241
5440 254
5441 248
5442 220
5443 280
5444 229
5445 250
5446 259
5447 206
5448 219
5449 304
5450 303
5451 212
5452 241
5453 206
5454 242
5455 214
5456 364
5457 274
5458 245
5459 224
5460 267
5461 272
5462 247
5463 269
5464 191
5465 228
5466 271
5467 255
5468 208
5469 235
5470 256
5471 236
5472 243
5473 258
5474 217
5475 201
5476 260
5477 267
5478 245
5479 281
5480 198
5481 224
5482 249
5483 300
5484 307
5485 207
5486 268
5487 202
5488 323
5489 301
5490 265
5491 387
5492 255
5493 320
5494 225
5495 282
5496 282
5497 265
5498 229
5499 313
5500 313
5501 203
5502 246
5503 225
5504 230
5505 245
5506 184
5507 242
5508 215
5509 279
5510 231
5511 252
5512 242
5513 272
5514 380
5515 330
5516 312
5517 210
5518 264
5519 280
5520 289
5521 264
5522 318
5523 223
5524 245
5525 240
5526 238
5527 263
5528 206
5529 238
5530 219
5531 318
5532 298
5533 291
5534 211
5535 195
5536 236
5537 230
5538 217
5539 225
5540 274
5541 249
5542 257
5543 255
5544 247
5545 238
5546 258
5547 253
5548 252
5549 272
5550 250
5551 381
5552 243
5553 294
5554 259
5555 233
5556 213
5557 297
5558 259
5559 225
5560 218
5561 303
5562 276
5563 259
5564 253
5565 279
5566 294
5567 256
5568 225
5569 268
5570 214
5571 272
5572 187
5573 282
5574 196
5575 276
5576 184
5577 297
5578 217
5579 220
5580 250
5581 270
5582 259
5583 304
5584 241
5585 244
5586 260
5587 247
5588 248
5589 239
5590 272
5591 274
5592 291
5593 260
5594 212
5595 191
5596 282
5597 234
5598 214
5599 232
5600 286
5601 200
5602 327
5603 242
5604 239
5605 241
5606 270
5607 234
5608 260
5609 279
5610 219
5611 173
5612 246
5613 224
5614 319
5615 297
5616 252
5617 268
5618 252
5619 370
5620 258
5621 287
5622 270
5623 266
5624 289
5625 195
5626 286
5627 296
5628 212
5629 310
5630 232
5631 207
5632 231
5633 244
5634 247
5635 253
5636 226
5637 184
5638 235
5639 236
5640 204
5641 221
5642 356
5643 274
5644 160
5645 371
5646 224
5647 238
5648 245
5649 246
5650 240
5651 253
5652 314
5653 224
5654 196
5655 275
5656 234
5657 222
5658 275
5659 230
5660 208
5661 274
5662 284
5663 249
5664 229
5665 281
5666 296
5667 241
5668 234
5669 180
5670 267
5671 296
5672 280
5673 255
5674 225
5675 250
5676 338
5677 279
5678 290
5679 286
5680 271
5681 321
5682 239
5683 291
5684 221
5685 275
5686 227
5687 192
5688 260
5689 251
5690 259
5691 303
5692 212
5693 197
5694 192
5695 211
5696 277
5697 294
5698 242
5699 308
5700 267
5701 218
5702 259
5703 262
5704 220
5705 244
5706 224
5707 399
5708 351
5709 291
5710 246
5711 273
5712 257
5713 293
5714 251
5715 191
5716 199
5717 218
5718 225
5719 238
5720 233
5721 233
5722 249
5723 245
5724 223
5725 273
5726 225
5727 245
5728 222
5729 254
5730 251
5731 243
5732 309
5733 264
5734 249
5735 246
5736 233
5737 267
5738 306
5739 292
5740 268
5741 283
5742 272
5743 389
5744 281
5745 256
5746 225
5747 423
5748 257
5749 331
5750 302
5751 245
5752 323
5753 328
5754 246
5755 270
5756 261
5757 235
5758 267
5759 208
5760 236
5761 223
5762 387
5763 303
5764 254
5765 264
5766 310
5767 282
5768 387
5769 225
5770 460
5771 307
5772 299
5773 278
5774 279
5775 253
5776 267
5777 220
5778 244
5779 234
5780 286
5781 318
5782 225
5783 223
5784 246
5785 313
5786 239
5787 230
5788 228
5789 288
5790 244
5791 203
5792 199
5793 270
5794 237
5795 257
5796 243
5797 214
5798 384
5799 242
5800 258
5801 274
5802 305
5803 203
5804 203
5805 246
5806 281
5807 198
5808 226
5809 235
5810 237
5811 259
5812 200
5813 263
5814 249
5815 267
5816 226
5817 294
5818 279
5819 211
5820 329
5821 260
5822 264
5823 215
5824 251
5825 304
5826 239
5827 255
5828 281
5829 305
5830 290
5831 294
5832 237
5833 289
5834 291
5835 238
5836 309
5837 273
5838 218
5839 278
5840 256
5841 273
5842 204
5843 268
5844 272
5845 270
5846 225
5847 206
5848 267
5849 256
5850 192
5851 245
5852 340
5853 253
5854 276
5855 263
5856 235
5857 286
5858 297
5859 282
5860 233
5861 259
5862 281
5863 231
5864 237
5865 266
5866 253
5867 272
5868 299
5869 233
5870 283
5871 210
5872 240
5873 274
5874 254
5875 385
5876 253
5877 223
5878 285
5879 269
5880 300
5881 300
5882 231
5883 233
5884 258
5885 309
5886 285
5887 290
5888 365
5889 280
5890 298
5891 286
5892 314
5893 263
5894 229
5895 178
5896 279
5897 270
5898 357
5899 238
5900 214
5901 299
5902 283
5903 296
5904 246
5905 231
5906 261
5907 284
5908 281
5909 223
5910 282
5911 231
5912 230
5913 236
5914 270
5915 241
5916 237
5917 231
5918 310
5919 303
5920 261
5921 249
5922 342
5923 295
5924 272
5925 258
5926 264
5927 257
5928 275
5929 225
5930 184
5931 231
5932 301
5933 313
5934 251
5935 227
5936 247
5937 255
5938 199
5939 257
5940 233
5941 236
5942 313
5943 242
5944 218
5945 230
5946 229
5947 328
5948 233
5949 213
5950 210
5951 392
5952 247
5953 231
5954 287
5955 228
5956 280
5957 234
5958 278
5959 291
5960 308
5961 232
5962 308
5963 265
5964 289
5965 264
5966 210
5967 243
5968 260
5969 222
5970 256
5971 236
5972 275
5973 265
5974 287
5975 262
5976 194
5977 303
5978 226
5979 309
5980 283
5981 326
5982 205
5983 243
5984 340
5985 246
5986 256
5987 350
5988 247
5989 312
5990 295
5991 230
5992 240
5993 277
5994 244
5995 277
5996 239
5997 246
5998 267
5999 266
6000 279
6001 232
6002 301
6003 356
6004 289
6005 259
6006 306
6007 246
6008 307
6009 336
6010 277
6011 262
6012 293
6013 240
6014 255
6015 407
6016 253
6017 241
6018 270
6019 235
6020 257
6021 216
6022 235
6023 244
6024 252
6025 250
6026 345
6027 278
6028 304
6029 316
6030 212
6031 303
6032 252
6033 309
6034 218
6035 392
6036 270
6037 262
6038 269
6039 224
6040 274
6041 287
6042 265
6043 262
6044 284
6045 278
6046 218
6047 221
6048 264
6049 268
6050 317
6051 299
6052 247
6053 230
6054 246
6055 251
6056 254
6057 261
6058 259
6059 230
6060 218
6061 227
6062 281
6063 240
6064 324
6065 300
6066 274
6067 258
6068 258
6069 209
6070 281
6071 241
6072 268
6073 287
6074 279
6075 232
6076 237
6077 300
6078 284
6079 236
6080 258
6081 229
6082 296
6083 240
6084 284
6085 200
6086 255
6087 233
6088 319
6089 192
6090 245
6091 255
6092 213
6093 364
6094 309
6095 341
6096 263
6097 297
6098 283
6099 243
6100 278
6101 276
6102 255
6103 227
6104 246
6105 270
6106 285
6107 271
6108 227
6109 237
6110 232
6111 261
6112 240
6113 263
6114 268
6115 278
6116 316
6117 202
6118 250
6119 231
6120 296
6121 215
6122 362
6123 236
6124 223
6125 262
6126 269
6127 318
6128 310
6129 267
6130 280
6131 343
6132 270
6133 332
6134 242
6135 210
6136 283
6137 233
6138 274
6139 240
6140 243
6141 239
6142 265
6143 282
6144 276
6145 280
6146 237
6147 281
6148 279
6149 293
6150 364
6151 281
6152 289
6153 257
6154 411
6155 268
6156 247
6157 298
6158 278
6159 224
6160 307
6161 309
6162 233
6163 196
6164 274
6165 253
6166 254
6167 320
6168 274
6169 254
6170 243
6171 212
6172 229
6173 213
6174 247
6175 229
6176 213
6177 292
6178 330
6179 360
6180 271
6181 306
6182 355
6183 299
6184 283
6185 212
6186 231
6187 263
6188 319
6189 256
6190 304
6191 286
6192 209
6193 256
6194 261
6195 263
6196 261
6197 247
6198 293
6199 300
6200 211
6201 281
6202 247
6203 299
6204 268
6205 228
6206 253
6207 302
6208 281
6209 298
6210 278
6211 225
6212 305
6213 219
6214 305
6215 302
6216 292
6217 254
6218 258
6219 251
6220 194
6221 184
6222 294
6223 190
6224 258
6225 288
6226 276
6227 248
6228 224
6229 302
6230 255
6231 267
6232 299
6233 276
6234 210
6235 264
6236 247
6237 257
6238 293
6239 263
6240 317
6241 259
6242 272
6243 275
6244 269
6245 196
6246 234
6247 273
6248 230
6249 278
6250 257
6251 299
6252 261
6253 177
6254 218
6255 229
6256 241
6257 256
6258 228
6259 313
6260 245
6261 293
6262 233
6263 324
6264 304
6265 233
6266 219
6267 234
6268 239
6269 232
6270 222
6271 275
6272 318
6273 218
6274 222
6275 265
6276 263
6277 199
6278 266
6279 266
6280 262
6281 251
6282 331
6283 199
6284 301
6285 229
6286 302
6287 295
6288 199
6289 198
6290 215
6291 313
6292 319
6293 290
6294 252
6295 253
6296 299
6297 273
6298 284
6299 243
6300 257
6301 305
6302 243
6303 209
6304 274
6305 274
6306 264
6307 210
6308 255
6309 205
6310 282
6311 207
6312 263
6313 236
6314 293
6315 235
6316 317
6317 191
6318 173
6319 278
6320 227
6321 212
6322 241
6323 199
6324 260
6325 243
6326 255
6327 279
6328 244
6329 244
6330 305
6331 232
6332 206
6333 244
6334 348
6335 276
6336 225
6337 214
6338 243
6339 234
6340 255
6341 249
6342 241
6343 240
6344 265
6345 207
6346 271
6347 368
6348 246
6349 243
6350 250
6351 276
6352 294
6353 264
6354 190
6355 259
6356 284
6357 298
6358 288
6359 275
6360 261
6361 557
6362 746
6363 740
6364 456
6365 409
6366 353
6367 510
6368 428
6369 315
6370 245
6371 360
6372 311
6373 249
6374 477
6375 407
6376 330
6377 249
6378 235
6379 247
6380 350
6381 257
6382 295
6383 300
6384 261
6385 203
6386 286
6387 355
6388 289
6389 335
6390 286
6391 211
6392 295
6393 201
6394 282
6395 296
6396 297
6397 277
6398 298
6399 242
6400 320
6401 344
6402 396
6403 307
6404 210
6405 307
6406 272
6407 288
6408 326
6409 336
6410 342
6411 294
6412 197
6413 287
6414 238
6415 224
6416 240
6417 280
6418 206
6419 255
6420 504
6421 293
6422 305
6423 343
6424 319
6425 307
6426 254
6427 325
6428 238
6429 352
6430 311
6431 247
6432 339
6433 295
6434 274
6435 277
6436 349
6437 260
6438 223
6439 286
6440 334
6441 297
6442 644
6443 606
6444 254
6445 572
6446 767
6447 730
6448 657
6449 690
6450 706
6451 675
6452 692
6453 671
6454 523
6455 562
6456 656
6457 640
6458 589
6459 761
6460 735
6461 504
6462 522
6463 742
6464 675
6465 661
6466 646
6467 436
6468 401
6469 260
6470 311
6471 292
6472 205
6473 262
6474 239
6475 269
6476 232
6477 246
6478 254
6479 277
6480 304
6481 326
6482 278
6483 381
6484 227
6485 301
6486 388
6487 280
6488 337
6489 258
6490 258
6491 278
6492 246
6493 257
6494 227
6495 321
6496 259
6497 281
6498 303
6499 265
6500 215
6501 223
6502 272
6503 283
6504 248
6505 301
6506 208
6507 259
6508 220
6509 258
6510 362
6511 282
6512 264
6513 268
6514 294
6515 371
6516 221
6517 250
6518 245
6519 234
6520 234
6521 241
6522 217
6523 212
6524 258
6525 207
6526 253
6527 283
6528 257
6529 231
6530 225
6531 245
6532 254
6533 243
6534 253
6535 245
6536 180
6537 465
6538 343
6539 275
6540 248
6541 261
6542 220
6543 288
6544 287
6545 274
6546 227
6547 250
6548 280
6549 278
6550 198
6551 255
6552 275
6553 257
6554 298
6555 258
6556 257
6557 212
6558 291
6559 238
6560 210
6561 258
6562 281
6563 245
6564 307
6565 280
6566 253
6567 293
6568 277
6569 251
6570 254
6571 253
6572 257
6573 199
6574 279
6575 305
6576 291
6577 211
6578 277
6579 250
6580 220
6581 244
6582 282
6583 297
6584 259
6585 261
6586 235
6587 218
6588 288
6589 222
6590 311
6591 340
6592 305
6593 277
6594 247
6595 269
6596 243
6597 275
6598 260
6599 273
6600 262
6601 443
6602 281
6603 212
6604 308
6605 205
6606 225
6607 295
6608 263
6609 278
6610 252
6611 251
6612 201
6613 288
6614 261
6615 242
6616 299
6617 347
6618 247
6619 298
6620 275
6621 252
6622 294
6623 284
6624 236
6625 303
6626 312
6627 307
6628 242
6629 217
6630 258
6631 297
6632 222
6633 281
6634 290
6635 306
6636 265
6637 264
6638 255
6639 284
6640 259
6641 258
6642 245
6643 430
6644 391
6645 272
6646 221
6647 222
6648 306
6649 317
6650 229
6651 279
6652 246
6653 223
6654 268
6655 251
6656 262
6657 253
6658 229
6659 251
6660 286
6661 253
6662 238
6663 251
6664 278
6665 262
6666 464
6667 295
6668 310
6669 309
6670 383
6671 300
6672 347
6673 358
6674 342
6675 265
6676 286
6677 243
6678 319
6679 219
6680 220
6681 256
6682 297
6683 328
6684 252
6685 245
6686 236
6687 240
6688 250
6689 274
6690 271
6691 296
6692 292
6693 210
6694 282
6695 274
6696 413
6697 262
6698 278
6699 207
6700 312
6701 318
6702 304
6703 240
6704 229
6705 244
6706 198
6707 190
6708 236
6709 299
6710 230
6711 321
6712 275
6713 271
6714 319
6715 233
6716 276
6717 217
6718 283
6719 241
6720 285
6721 252
6722 267
6723 290
6724 336
6725 268
6726 263
6727 295
6728 294
6729 267
6730 269
6731 247
6732 257
6733 290
6734 262
6735 182
6736 281
6737 278
6738 166
6739 300
6740 204
6741 259
6742 250
6743 290
6744 328
6745 239
6746 216
6747 235
6748 325
6749 273
6750 260
6751 304
6752 283
6753 217
6754 197
6755 269
6756 287
6757 261
6758 214
6759 276
6760 223
6761 307
6762 260
6763 256
6764 283
6765 307
6766 259
6767 305
6768 282
6769 289
6770 221
6771 367
6772 241
6773 248
6774 375
6775 264
6776 310
6777 318
6778 247
6779 213
6780 252
6781 239
6782 279
6783 253
6784 220
6785 278
6786 213
6787 269
6788 246
6789 296
6790 239
6791 273
6792 275
6793 295
6794 364
6795 254
6796 236
6797 295
6798 270
6799 242
6800 274
6801 357
6802 245
6803 268
6804 240
6805 299
6806 311
6807 303
6808 310
6809 288
6810 262
6811 252
6812 282
6813 256
6814 334
6815 219
6816 273
6817 196
6818 244
6819 253
6820 2326
6821 253
6822 268
6823 230
6824 277
6825 292
6826 368
6827 221
6828 296
6829 281
6830 216
6831 280
6832 187
6833 280
6834 297
6835 322
6836 218
6837 266
6838 290
6839 253
6840 292
6841 255
6842 244
6843 240
6844 229
6845 228
6846 301
6847 285
6848 226
6849 240
6850 220
6851 277
6852 289
6853 294
6854 223
6855 407
6856 280
6857 297
6858 212
6859 248
6860 228
6861 363
6862 240
6863 214
6864 307
6865 224
6866 266
6867 282
6868 237
6869 265
6870 264
6871 253
6872 247
6873 331
6874 249
6875 262
6876 244
6877 440
6878 279
6879 233
6880 255
6881 225
6882 325
6883 255
6884 221
6885 301
6886 280
6887 272
6888 248
6889 238
6890 252
6891 250
6892 277
6893 216
6894 301
6895 223
6896 302
6897 268
6898 266
6899 383
6900 333
6901 220
6902 278
6903 296
6904 289
6905 224
6906 206
6907 262
6908 211
6909 184
6910 306
6911 328
6912 278
6913 292
6914 272
6915 323
6916 234
6917 218
6918 265
6919 264
6920 289
6921 322
6922 567
6923 323
6924 308
6925 282
6926 269
6927 293
6928 298
6929 326
6930 222
6931 293
6932 290
6933 166
6934 175
6935 241
6936 249
6937 185
6938 309
6939 247
6940 254
6941 301
6942 285
6943 282
6944 299
6945 251
6946 297
6947 241
6948 228
6949 201
6950 259
6951 281
6952 199
6953 310
6954 272
6955 307
6956 260
6957 354
6958 222
6959 341
6960 238
6961 227
6962 260
6963 312
6964 225
6965 246
6966 224
6967 303
6968 269
6969 347
6970 316
6971 284
6972 247
6973 220
6974 222
6975 253
6976 309
6977 214
6978 291
6979 306
6980 301
6981 253
6982 275
6983 269
6984 252
6985 276
6986 298
6987 289
6988 283
6989 244
6990 276
6991 271
6992 270
6993 236
6994 217
6995 258
6996 199
6997 307
6998 226
6999 281
7000 267
7001 191
7002 272
7003 236
7004 202
7005 195
7006 193
7007 286
7008 272
7009 202
7010 220
7011 251
7012 293
7013 245
7014 260
7015 260
7016 264
7017 231
7018 251
7019 297
7020 253
7021 258
7022 245
7023 252
7024 252
7025 364
7026 232
7027 338
7028 245
7029 366
7030 262
7031 251
7032 329
7033 236
7034 243
7035 280
7036 252
7037 265
7038 240
7039 204
7040 257
7041 232
7042 257
7043 277
7044 302
7045 210
7046 265
7047 221
7048 229
7049 294
7050 367
7051 260
7052 251
7053 255
7054 290
7055 225
7056 205
7057 279
7058 214
7059 267
7060 324
7061 264
7062 201
7063 217
7064 254
7065 322
7066 270
7067 331
7068 267
7069 286
7070 268
7071 248
7072 210
7073 266
7074 289
7075 192
7076 253
7077 230
7078 270
7079 325
7080 226
7081 274
7082 218
7083 199
7084 271
7085 237
7086 252
7087 261
7088 252
7089 288
7090 220
7091 232
7092 266
7093 266
7094 219
7095 257
7096 251
7097 255
7098 280
7099 294
7100 272
7101 208
7102 236
7103 224
7104 191
7105 276
7106 242
7107 298
7108 245
7109 214
7110 324
7111 229
7112 245
7113 231
7114 270
7115 216
7116 231
7117 407
7118 312
7119 349
7120 263
7121 233
7122 322
7123 292
7124 285
7125 295
7126 282
7127 319
7128 233
7129 505
7130 252
7131 407
7132 244
7133 274
7134 267
7135 274
7136 277
7137 259
7138 317
7139 291
7140 275
7141 311
7142 297
7143 347
7144 265
7145 343
7146 250
7147 347
7148 232
7149 246
7150 249
7151 214
7152 252
7153 242
7154 293
7155 408
7156 272
7157 206
7158 224
7159 358
7160 292
7161 209
7162 238
7163 242
7164 265
7165 270
7166 287
7167 215
7168 262
7169 286
7170 264
7171 233
7172 251
7173 237
7174 301
7175 264
7176 269
7177 324
7178 455
7179 301
7180 291
7181 287
7182 250
7183 290
7184 286
7185 284
7186 268
7187 324
7188 274
7189 241
7190 374
7191 257
7192 268
7193 301
7194 268
7195 260
7196 284
7197 257
7198 373
7199 242
7200 318
7201 275
7202 270
7203 259
7204 249
7205 236
7206 336
7207 250
7208 242
7209 272
7210 216
7211 301
7212 265
7213 319
7214 246
7215 315
7216 271
7217 247
7218 284
7219 331
7220 244
7221 277
7222 274
7223 291
7224 282
7225 293
7226 247
7227 336
7228 292
7229 254
7230 271
7231 218
7232 292
7233 265
7234 228
7235 304
7236 211
7237 300
7238 288
7239 252
7240 318
7241 292
7242 190
7243 247
7244 233
7245 314
7246 270
7247 216
7248 194
7249 237
7250 265
7251 280
7252 278
7253 266
7254 258
7255 251
7256 264
7257 256
7258 337
7259 231
7260 303
7261 277
7262 306
7263 245
7264 260
7265 279
7266 295
7267 318
7268 189
7269 249
7270 227
7271 222
7272 279
7273 283
7274 218
7275 211
7276 335
7277 265
7278 296
7279 293
7280 231
7281 238
7282 245
7283 376
7284 251
7285 249
7286 250
7287 302
7288 332
7289 316
7290 286
7291 261
7292 316
7293 251
7294 233
7295 222
7296 278
7297 328
7298 259
7299 234
7300 233
7301 278
7302 271
7303 232
7304 252
7305 261
7306 427
7307 261
7308 240
7309 308
7310 242
7311 228
7312 277
7313 294
7314 232
7315 232
7316 247
7317 277
7318 211
7319 243
7320 292
7321 264
7322 227
7323 269
7324 283
7325 248
7326 254
7327 260
7328 201
7329 232
7330 232
7331 266
7332 223
7333 221
7334 253
7335 255
7336 267
7337 210
7338 248
7339 174
7340 248
7341 317
7342 283
7343 268
7344 208
7345 261
7346 237
7347 266
7348 287
7349 277
7350 224
7351 240
7352 312
7353 194
7354 272
7355 229
7356 217
7357 276
7358 218
7359 227
7360 189
7361 218
7362 291
7363 235
7364 275
7365 257
7366 239
7367 245
7368 251
7369 295
7370 239
7371 268
7372 484
7373 300
7374 327
7375 333
7376 298
7377 298
7378 325
7379 224
7380 308
7381 266
7382 290
7383 239
7384 260
7385 265
7386 231
7387 184
7388 281
7389 342
7390 252
7391 269
7392 241
7393 297
7394 253
7395 285
7396 210
7397 277
7398 226
7399 230
7400 294
7401 291
7402 272
7403 264
7404 277
7405 245
7406 305
7407 331
7408 298
7409 291
7410 249
7411 443
7412 213
7413 284
7414 267
7415 260
7416 308
7417 323
7418 278
7419 560
7420 318
7421 296
7422 280
7423 301
7424 314
7425 282
7426 299
7427 257
7428 253
7429 262
7430 307
7431 232
7432 251
7433 211
7434 433
7435 307
7436 281
7437 290
7438 290
7439 322
7440 215
7441 256
7442 230
7443 341
7444 264
7445 292
7446 341
7447 188
7448 266
7449 265
7450 286
7451 287
7452 251
7453 201
7454 288
7455 239
7456 254
7457 266
7458 283
7459 274
7460 291
7461 290
7462 297
7463 254
7464 265
7465 231
7466 615
7467 317
7468 267
7469 247
7470 292
7471 284
7472 239
7473 255
7474 306
7475 260
7476 250
7477 250
7478 257
7479 291
7480 246
7481 417
7482 242
7483 312
7484 277
7485 274
7486 337
7487 217
7488 261
7489 225
7490 332
7491 301
7492 266
7493 233
7494 284
7495 243
7496 258
7497 228
7498 226
7499 245
7500 255
7501 260
7502 215
7503 257
7504 236
7505 241
7506 289
7507 270
7508 260
7509 228
7510 234
7511 252
7512 286
7513 371
7514 214
7515 204
7516 293
7517 309
7518 271
7519 231
7520 259
7521 203
7522 225
7523 208
7524 343
7525 323
7526 264
7527 289
7528 277
7529 218
7530 363
7531 253
7532 235
7533 196
7534 235
7535 234
7536 220
7537 272
7538 285
7539 335
7540 273
7541 248
7542 253
7543 295
7544 267
7545 278
7546 257
7547 221
7548 250
7549 247
7550 320
7551 233
7552 257
7553 329
7554 310
7555 209
7556 228
7557 233
7558 352
7559 283
7560 346
7561 298
7562 407
7563 300
7564 294
7565 250
7566 252
7567 273
7568 257
7569 299
7570 244
7571 246
7572 256
7573 305
7574 282
7575 299
7576 222
7577 248
7578 280
7579 243
7580 229
7581 302
7582 357
7583 238
7584 241
7585 225
7586 246
7587 256
7588 319
7589 223
7590 240
7591 274
7592 254
7593 212
7594 312
7595 310
7596 223
7597 308
7598 288
7599 356
7600 269
7601 182
7602 247
7603 288
7604 261
7605 244
7606 551
7607 297
7608 378
7609 278
7610 255
7611 247
7612 356
7613 261
7614 302
7615 306
7616 276
7617 366
7618 281
7619 587
7620 300
7621 207
7622 259
7623 318
7624 269
7625 244
7626 228
7627 256
7628 240
7629 265
7630 177
7631 293
7632 269
7633 296
7634 206
7635 276
7636 332
7637 269
7638 270
7639 213
7640 246
7641 213
7642 245
7643 209
7644 281
7645 306
7646 263
7647 254
7648 236
7649 243
7650 239
7651 238
7652 454
7653 319
7654 307
7655 370
7656 249
7657 285
7658 303
7659 309
7660 243
7661 260
7662 250
7663 378
7664 240
7665 319
7666 253
7667 374
7668 312
7669 279
7670 319
7671 228
7672 268
7673 294
7674 285
7675 260
7676 252
7677 277
7678 227
7679 267
7680 317
7681 267
7682 230
7683 236
7684 262
7685 195
7686 284
7687 322
7688 285
7689 256
7690 322
7691 239
7692 298
7693 281
7694 315
7695 300
7696 295
7697 228
7698 355
7699 242
7700 316
7701 314
7702 255
7703 260
7704 241
7705 268
7706 339
7707 225
7708 284
7709 252
7710 268
7711 277
7712 277
7713 217
7714 286
7715 294
7716 296
7717 263
7718 235
7719 253
7720 308
7721 296
7722 259
7723 247
7724 241
7725 238
7726 207
7727 195
7728 220
7729 255
7730 231
7731 208
7732 287
7733 280
7734 252
7735 211
7736 280
7737 290
7738 366
7739 289
7740 289
7741 227
7742 235
7743 346
7744 303
7745 275
7746 296
7747 261
7748 242
7749 268
7750 264
7751 319
7752 318
7753 308
7754 278
7755 280
7756 214
7757 265
7758 253
7759 290
7760 205
7761 280
7762 263
7763 234
7764 342
7765 273
7766 250
7767 231
7768 237
7769 229
7770 256
7771 202
7772 269
7773 319
7774 311
7775 249
7776 206
7777 341
7778 228
7779 246
7780 265
7781 224
7782 268
7783 282
7784 230
7785 226
7786 278
7787 287
7788 367
7789 289
7790 245
7791 237
7792 218
7793 226
7794 216
7795 389
7796 320
7797 199
7798 322
7799 260
7800 225
7801 271
7802 282
7803 280
7804 209
7805 203
7806 275
7807 264
7808 244
7809 274
7810 246
7811 258
7812 292
7813 217
7814 281
7815 284
7816 279
7817 256
7818 393
7819 303
7820 210
7821 191
7822 288
7823 234
7824 280
7825 318
7826 292
7827 271
7828 276
7829 306
7830 232
7831 282
7832 281
7833 385
7834 296
7835 322
7836 311
7837 259
7838 304
7839 254
7840 229
7841 283
7842 302
7843 232
7844 300
7845 268
7846 219
7847 276
7848 257
7849 273
7850 276
7851 281
7852 343
7853 225
7854 241
7855 285
7856 312
7857 215
7858 325
7859 229
7860 291
7861 327
7862 269
7863 343
7864 211
7865 260
7866 289
7867 276
7868 301
7869 245
7870 272
7871 233
7872 227
7873 242
7874 211
7875 253
7876 272
7877 275
7878 387
7879 241
7880 227
7881 275
7882 256
7883 199
7884 272
7885 283
7886 240
7887 311
7888 243
7889 243
7890 234
7891 266
7892 228
7893 247
7894 254
7895 248
7896 247
7897 247
7898 247
7899 219
7900 238
7901 213
7902 203
7903 230
7904 276
7905 209
7906 308
7907 271
7908 233
7909 258
7910 273
7911 184
7912 292
7913 225
7914 368
7915 318
7916 238
7917 277
7918 229
7919 302
7920 272
7921 303
7922 305
7923 441
7924 259
7925 231
7926 272
7927 244
7928 262
7929 430
7930 268
7931 246
7932 245
7933 285
7934 266
7935 279
7936 256
7937 268
7938 221
7939 261
7940 228
7941 244
7942 211
7943 333
7944 235
7945 238
7946 307
7947 346
7948 296
7949 348
7950 254
7951 281
7952 260
7953 376
7954 264
7955 263
7956 276
7957 258
7958 278
7959 255
7960 214
7961 191
7962 286
7963 272
7964 268
7965 215
7966 259
7967 308
7968 233
7969 279
7970 226
7971 341
7972 265
7973 327
7974 265
7975 245
7976 267
7977 302
7978 303
7979 295
7980 161
7981 204
7982 248
7983 282
7984 234
7985 241
7986 276
7987 253
7988 214
7989 266
7990 342
7991 325
7992 246
7993 231
7994 198
7995 279
7996 226
7997 261
7998 278
7999 306
8000 302
8001 231
8002 246
8003 295
8004 259
8005 236
8006 300
8007 283
8008 229
8009 270
8010 277
8011 340
8012 317
8013 250
8014 338
8015 221
8016 233
8017 232
8018 301
8019 279
8020 222
8021 325
8022 245
8023 238
8024 278
8025 380
8026 320
8027 319
8028 262
8029 249
8030 265
8031 252
8032 289
8033 365
8034 290
8035 257
8036 260
8037 275
8038 238
8039 260
8040 235
8041 259
8042 290
8043 281
8044 318
8045 253
8046 239
8047 300
8048 231
8049 215
8050 255
8051 352
8052 262
8053 293
8054 292
8055 382
8056 306
8057 274
8058 227
8059 287
8060 277
8061 291
8062 233
8063 270
8064 278
8065 370
8066 258
8067 254
8068 254
8069 256
8070 211
8071 210
8072 264
8073 255
8074 369
8075 251
8076 240
8077 459
8078 295
8079 282
8080 219
8081 242
8082 249
8083 243
8084 228
8085 271
8086 210
8087 215
8088 247
8089 241
8090 273
8091 279
8092 267
8093 224
8094 288
8095 254
8096 262
8097 262
8098 309
8099 390
8100 284
8101 334
8102 303
8103 273
8104 262
8105 226
8106 308
8107 232
8108 243
8109 276
8110 289
8111 287
8112 242
8113 265
8114 296
8115 186
8116 336
8117 281
8118 273
8119 224
8120 257
8121 297
8122 249
8123 300
8124 284
8125 301
8126 208
8127 316
8128 243
8129 284
8130 233
8131 301
8132 269
8133 258
8134 313
8135 281
8136 295
8137 174
8138 285
8139 259
8140 294
8141 242
8142 322
8143 302
8144 233
8145 333
8146 268
8147 286
8148 276
8149 219
8150 245
8151 301
8152 239
8153 232
8154 321
8155 266
8156 317
8157 260
8158 239
8159 238
8160 266
8161 289
8162 269
8163 225
8164 237
8165 281
8166 339
8167 212
8168 248
8169 191
8170 238
8171 206
8172 258
8173 257
8174 249
8175 315
8176 287
8177 285
8178 192
8179 365
8180 173
8181 245
8182 224
8183 248
8184 288
8185 302
8186 271
8187 334
8188 217
8189 292
8190 250
8191 237
8192 282
8193 298
8194 321
8195 267
8196 294
8197 250
8198 230
8199 310
8200 240
8201 279
8202 385
8203 266
8204 265
8205 300
8206 243
8207 270
8208 261
8209 296
8210 211
8211 308
8212 274
8213 286
8214 246
8215 231
8216 239
8217 260
8218 266
8219 211
8220 269
8221 253
8222 294
8223 291
8224 297
8225 311
8226 273
8227 268
8228 395
8229 269
8230 216
8231 284
8232 266
8233 306
8234 284
8235 256
8236 227
8237 281
8238 224
8239 231
8240 214
8241 292
8242 231
8243 272
8244 223
8245 242
8246 247
8247 323
8248 283
8249 233
8250 239
8251 321
8252 229
8253 288
8254 283
8255 320
8256 254
8257 234
8258 223
8259 290
8260 296
8261 270
8262 212
8263 235
8264 235
8265 263
8266 227
8267 221
8268 223
8269 280
8270 278
8271 344
8272 301
8273 313
8274 325
8275 270
8276 243
8277 221
8278 268
8279 284
8280 279
8281 228
8282 260
8283 211
8284 188
8285 289
8286 318
8287 271
8288 214
8289 289
8290 296
8291 332
8292 213
8293 264
8294 214
8295 316
8296 206
8297 330
8298 424
8299 347
8300 313
8301 242
8302 185
8303 318
8304 349
8305 303
8306 267
8307 339
8308 252
8309 240
8310 370
8311 269
8312 207
8313 488
8314 345
8315 300
8316 282
8317 203
8318 316
8319 282
8320 284
8321 249
8322 299
8323 230
8324 259
8325 280
8326 306
8327 266
8328 232
8329 321
8330 405
8331 270
8332 241
8333 264
8334 243
8335 223
8336 293
8337 206
8338 248
8339 323
8340 185
8341 235
8342 223
8343 282
8344 235
8345 312
8346 232
8347 278
8348 247
8349 261
8350 246
8351 209
8352 260
8353 213
8354 253
8355 363
8356 333
8357 225
8358 275
8359 254
8360 250
8361 283
8362 297
8363 242
8364 252
8365 240
8366 184
8367 268
8368 305
8369 226
8370 277
8371 259
8372 240
8373 266
8374 215
8375 172
8376 259
8377 251
8378 249
8379 242
8380 263
8381 244
8382 253
8383 436
8384 293
8385 285
8386 206
8387 258
8388 249
8389 286
8390 279
8391 222
8392 261
8393 206
8394 279
8395 248
8396 291
8397 510
8398 282
8399 305
8400 244
8401 265
8402 231
8403 245
8404 335
8405 258
8406 265
8407 236
8408 181
8409 273
8410 226
8411 277
8412 233
8413 339
8414 251
8415 332
8416 291
8417 243
8418 245
8419 328
8420 272
8421 277
8422 262
8423 329
8424 325
8425 285
8426 286
8427 236
8428 291
8429 218
8430 219
8431 252
8432 263
8433 275
8434 290
8435 398
8436 245
8437 214
8438 278
8439 442
8440 261
8441 305
8442 241
8443 291
8444 297
8445 262
8446 248
8447 264
8448 276
8449 268
8450 282
8451 254
8452 253
8453 203
8454 287
8455 248
8456 166
8457 278
8458 329
8459 255
8460 293
8461 290
8462 206
8463 248
8464 251
8465 238
8466 241
8467 279
8468 325
8469 203
8470 211
8471 222
8472 300
8473 262
8474 211
8475 259
8476 246
8477 314
8478 236
8479 251
8480 268
8481 330
8482 320
8483 242
8484 273
8485 232
8486 231
8487 184
8488 239
8489 231
8490 330
8491 250
8492 242
8493 277
8494 222
8495 268
8496 260
8497 279
8498 313
8499 218
8500 299
8501 273
8502 283
8503 227
8504 211
8505 273
8506 280
8507 254
8508 237
8509 250
8510 265
8511 293
8512 264
8513 296
8514 307
8515 289
8516 250
8517 292
8518 275
8519 263
8520 265
8521 315
8522 471
8523 250
8524 432
8525 260
8526 250
8527 288
8528 321
8529 263
8530 303
8531 262
8532 229
8533 239
8534 207
8535 229
8536 240
8537 313
8538 295
8539 229
8540 302
8541 249
8542 279
8543 303
8544 284
8545 239
8546 270
8547 256
8548 315
8549 232
8550 218
8551 219
8552 266
8553 234
8554 343
8555 314
8556 244
8557 264
8558 215
8559 182
8560 265
8561 320
8562 251
8563 440
8564 313
8565 260
8566 278
8567 259
8568 306
8569 288
8570 243
8571 270
8572 297
8573 254
8574 237
8575 283
8576 335
8577 285
8578 228
8579 235
8580 281
8581 234
8582 237
8583 271
8584 261
8585 213
8586 393
8587 311
8588 232
8589 307
8590 287
8591 248
8592 253
8593 264
8594 330
8595 311
8596 268
8597 211
8598 231
8599 270
8600 273
8601 255
8602 296
8603 275
8604 500
8605 280
8606 336
8607 264
8608 300
8609 255
8610 262
8611 212
8612 322
8613 251
8614 246
8615 306
8616 251
8617 220
8618 255
8619 299
8620 279
8621 259
8622 249
8623 228
8624 323
8625 211
8626 249
8627 237
8628 336
8629 219
8630 233
8631 253
8632 271
8633 251
8634 274
8635 316
8636 211
8637 303
8638 270
8639 313
8640 305
8641 212
8642 234
8643 229
8644 246
8645 334
8646 351
8647 287
8648 288
8649 228
8650 289
8651 234
8652 261
8653 286
8654 220
8655 261
8656 257
8657 258
8658 290
8659 360
8660 415
8661 341
8662 282
8663 282
8664 238
8665 346
8666 292
8667 275
8668 253
8669 231
8670 225
8671 237
8672 346
8673 284
8674 250
8675 288
8676 277
8677 256
8678 313
8679 202
8680 292
8681 299
8682 255
8683 274
8684 253
8685 224
8686 428
8687 290
8688 244
8689 344
8690 229
8691 376
8692 250
8693 281
8694 283
8695 291
8696 286
8697 260
8698 255
8699 284
8700 320
8701 243
8702 221
8703 214
8704 305
8705 256
8706 338
8707 200
8708 271
8709 223
8710 274
8711 294
8712 238
8713 263
8714 365
8715 207
8716 222
8717 356
8718 308
8719 248
8720 239
8721 207
8722 265
8723 283
8724 271
8725 290
8726 390
8727 255
8728 241
8729 352
8730 242
8731 274
8732 241
8733 246
8734 265
8735 266
8736 314
8737 322
8738 219
8739 261
8740 247
8741 278
8742 296
8743 250
8744 219
8745 282
8746 253
8747 291
8748 262
8749 281
8750 215
8751 195
8752 205
8753 270
8754 257
8755 294
8756 185
8757 276
8758 251
8759 289
8760 341
8761 312
8762 285
8763 303
8764 265
8765 307
8766 500
8767 299
8768 277
8769 345
8770 269
8771 364
8772 239
8773 360
8774 379
8775 255
8776 291
8777 300
8778 225
8779 253
8780 228
8781 279
8782 268
8783 227
8784 377
8785 309
8786 299
8787 303
8788 201
8789 242
8790 268
8791 304
8792 391
8793 282
8794 260
8795 284
8796 239
8797 233
8798 278
8799 265
8800 251
8801 300
8802 283
8803 374
8804 306
8805 273
8806 307
8807 257
8808 323
8809 289
8810 240
8811 318
8812 269
8813 331
8814 258
8815 297
8816 235
8817 333
8818 344
8819 481
8820 325
8821 280
8822 254
8823 222
8824 331
8825 246
8826 320
8827 271
8828 311
8829 294
8830 266
8831 209
8832 327
8833 227
8834 259
8835 270
8836 299
8837 206
8838 234
8839 225
8840 290
8841 257
8842 384
8843 272
8844 292
8845 258
8846 357
8847 242
8848 262
8849 368
8850 251
8851 352
8852 270
8853 302
8854 251
8855 272
8856 297
8857 265
8858 238
8859 255
8860 283
8861 289
8862 209
8863 269
8864 228
8865 254
8866 339
8867 271
8868 344
8869 186
8870 276
8871 251
8872 238
8873 243
8874 245
8875 272
8876 279
8877 269
8878 277
8879 253
8880 219
8881 264
8882 361
8883 249
8884 287
8885 270
8886 306
8887 282
8888 280
8889 249
8890 235
8891 273
8892 261
8893 325
8894 306
8895 303
8896 281
8897 269
8898 305
8899 255
8900 334
8901 260
8902 269
8903 205
8904 253
8905 293
8906 231
8907 242
8908 323
8909 319
8910 325
8911 279
8912 270
8913 302
8914 258
8915 241
8916 327
8917 309
8918 293
8919 271
8920 293
8921 287
8922 245
8923 200
8924 220
8925 451
8926 258
8927 307
8928 346
8929 257
8930 236
8931 248
8932 238
8933 235
8934 232
8935 355
8936 295
8937 214
8938 307
8939 269
8940 241
8941 263
8942 310
8943 241
8944 238
8945 201
8946 254
8947 346
8948 237
8949 220
8950 317
8951 246
8952 293
8953 307
8954 275
8955 242
8956 298
8957 261
8958 289
8959 242
8960 273
8961 223
8962 265
8963 233
8964 279
8965 273
8966 232
8967 275
8968 273
8969 305
8970 390
8971 306
8972 286
8973 262
8974 316
8975 312
8976 297
8977 236
8978 288
8979 232
8980 277
8981 265
8982 193
8983 294
8984 261
8985 270
8986 215
8987 211
8988 259
8989 308
8990 277
8991 199
8992 243
8993 246
8994 256
8995 226
8996 298
8997 230
8998 250
8999 287
9000 230
9001 245
9002 268
9003 372
9004 342
9005 252
9006 252
9007 260
9008 315
9009 245
9010 256
9011 331
9012 271
9013 226
9014 294
9015 212
9016 246
9017 269
9018 332
9019 258
9020 249
9021 288
9022 291
9023 284
9024 281
9025 248
9026 221
9027 282
9028 393
9029 280
9030 296
9031 248
9032 264
9033 281
9034 305
9035 266
9036 238
9037 305
9038 250
9039 318
9040 249
9041 216
9042 517
9043 265
9044 346
9045 270
9046 288
9047 334
9048 242
9049 253
9050 260
9051 347
9052 227
9053 368
9054 253
9055 321
9056 239
9057 278
9058 330
9059 220
9060 218
9061 301
9062 321
9063 255
9064 253
9065 296
9066 334
9067 246
9068 292
9069 210
9070 274
9071 265
9072 230
9073 259
9074 326
9075 390
9076 245
9077 287
9078 306
9079 254
9080 228
9081 375
9082 282
9083 252
9084 250
9085 317
9086 230
9087 271
9088 331
9089 316
9090 310
9091 270
9092 295
9093 276
9094 238
9095 254
9096 275
9097 288
9098 301
9099 270
9100 238
9101 259
9102 221
9103 224
9104 265
9105 304
9106 270
9107 223
9108 192
9109 248
9110 287
9111 232
9112 243
9113 243
9114 181
9115 250
9116 286
9117 276
9118 229
9119 286
9120 692
9121 301
9122 312
9123 283
9124 301
9125 273
9126 336
9127 251
9128 228
9129 247
9130 266
9131 359
9132 314
9133 267
9134 256
9135 255
9136 249
9137 294
9138 259
9139 258
9140 304
9141 268
9142 304
9143 219
9144 214
9145 247
9146 258
9147 214
9148 242
9149 188
9150 226
9151 224
9152 276
9153 241
9154 239
9155 242
9156 321
9157 303
9158 380
9159 269
9160 211
9161 318
9162 319
9163 247
9164 254
9165 270
9166 246
9167 264
9168 306
9169 281
9170 276
9171 258
9172 287
9173 315
9174 232
9175 234
9176 235
9177 234
9178 253
9179 251
9180 198
9181 290
9182 260
9183 409
9184 253
9185 264
9186 241
9187 252
9188 287
9189 334
9190 265
9191 274
9192 224
9193 272
9194 223
9195 279
9196 393
9197 317
9198 282
9199 246
9200 431
9201 322
9202 225
9203 400
9204 241
9205 193
9206 249
9207 323
9208 277
9209 271
9210 270
9211 308
9212 248
9213 288
9214 259
9215 269
9216 245
9217 230
9218 226
9219 211
9220 244
9221 230
9222 349
9223 287
9224 242
9225 316
9226 422
9227 290
9228 282
9229 267
9230 251
9231 236
9232 280
9233 291
9234 535
9235 341
9236 251
9237 339
9238 315
9239 278
9240 225
9241 291
9242 221
9243 294
9244 295
9245 220
9246 291
9247 321
9248 247
9249 273
9250 272
9251 230
9252 255
9253 281
9254 260
9255 340
9256 336
9257 260
9258 323
9259 222
9260 258
9261 245
9262 260
9263 325
9264 256
9265 255
9266 311
9267 213
9268 396
9269 291
9270 315
9271 244
9272 401
9273 277
9274 308
9275 255
9276 270
9277 258
9278 196
9279 295
9280 247
9281 320
9282 260
9283 249
9284 288
9285 343
9286 309
9287 216
9288 229
9289 235
9290 288
9291 254
9292 224
9293 252
9294 243
9295 309
9296 296
9297 222
9298 243
9299 274
9300 302
9301 352
9302 243
9303 282
9304 244
9305 273
9306 243
9307 243
9308 226
9309 244
9310 466
9311 384
9312 275
9313 286
9314 319
9315 197
9316 381
9317 244
9318 253
9319 252
9320 258
9321 256
9322 222
9323 219
9324 232
9325 343
9326 282
9327 279
9328 279
9329 255
9330 253
9331 374
9332 312
9333 287
9334 246
9335 278
9336 277
9337 261
9338 339
9339 229
9340 249
9341 474
9342 216
9343 257
9344 309
9345 286
9346 341
9347 284
9348 298
9349 297
9350 263
9351 244
9352 251
9353 279
9354 463
9355 260
9356 309
9357 331
9358 351
9359 279
9360 246
9361 267
9362 211
9363 262
9364 295
9365 267
9366 237
9367 305
9368 238
9369 287
9370 236
9371 245
9372 302
9373 242
9374 262
9375 272
9376 300
9377 343
9378 263
9379 302
9380 292
9381 237
9382 225
9383 218
9384 309
9385 346
9386 234
9387 296
9388 310
9389 209
9390 338
9391 321
9392 366
9393 295
9394 294
9395 296
9396 195
9397 267
9398 285
9399 211
9400 242
9401 290
9402 319
9403 259
9404 338
9405 316
9406 250
9407 273
9408 261
9409 295
9410 233
9411 270
9412 250
9413 248
9414 236
9415 252
9416 249
9417 220
9418 282
9419 325
9420 360
9421 282
9422 289
9423 270
9424 259
9425 216
9426 314
9427 281
9428 252
9429 273
9430 295
9431 288
9432 269
9433 208
9434 300
9435 272
9436 258
9437 320
9438 218
9439 282
9440 265
9441 238
9442 291
9443 276
9444 276
9445 321
9446 270
9447 248
9448 279
9449 253
9450 273
9451 226
9452 300
9453 286
9454 253
9455 243
9456 277
9457 213
9458 234
9459 460
9460 301
9461 282
9462 319
9463 259
9464 258
9465 244
9466 378
9467 284
9468 260
9469 248
9470 245
9471 401
9472 289
9473 240
9474 202
9475 244
9476 206
9477 246
9478 302
9479 284
9480 224
9481 332
9482 415
9483 263
9484 229
9485 272
9486 293
9487 279
9488 309
9489 320
9490 230
9491 236
9492 294
9493 226
9494 291
9495 220
9496 322
9497 341
9498 231
9499 249
9500 278
9501 179
9502 237
9503 341
9504 256
9505 284
9506 291
9507 271
9508 214
9509 308
9510 229
9511 283
9512 301
9513 219
9514 305
9515 256
9516 320
9517 305
9518 361
9519 242
9520 263
9521 288
9522 227
9523 218
9524 328
9525 240
9526 250
9527 263
9528 210
9529 231
9530 264
9531 458
9532 295
9533 472
9534 222
9535 261
9536 292
9537 275
9538 250
9539 202
9540 250
9541 280
9542 243
9543 344
9544 225
9545 191
9546 301
9547 293
9548 288
9549 322
9550 220
9551 299
9552 313
9553 220
9554 253
9555 218
9556 291
9557 272
9558 392
9559 261
9560 299
9561 252
9562 221
9563 193
9564 294
9565 222
9566 242
9567 216
9568 235
9569 257
9570 360
9571 290
9572 322
9573 300
9574 292
9575 205
9576 378
9577 268
9578 336
9579 230
9580 412
9581 283
9582 220
9583 295
9584 257
9585 252
9586 238
9587 382
9588 207
9589 310
9590 270
9591 372
9592 307
9593 266
9594 322
9595 240
9596 348
9597 245
9598 326
9599 258
9600 256
9601 294
9602 249
9603 287
9604 252
9605 225
9606 271
9607 471
9608 328
9609 248
9610 399
9611 331
9612 344
9613 262
9614 319
9615 306
9616 265
9617 251
9618 289
9619 272
9620 244
9621 325
9622 273
9623 242
9624 233
9625 276
9626 207
9627 270
9628 282
9629 208
9630 225
9631 208
9632 252
9633 331
9634 253
9635 260
9636 274
9637 281
9638 220
9639 228
9640 300
9641 217
9642 252
9643 372
9644 316
9645 326
9646 291
9647 301
9648 361
9649 256
9650 337
9651 255
9652 238
9653 264
9654 304
9655 282
9656 290
9657 324
9658 315
9659 253
9660 258
9661 260
9662 313
9663 298
9664 243
9665 258
9666 332
9667 272
9668 345
9669 490
9670 501
9671 320
9672 257
9673 252
9674 327
9675 241
9676 295
9677 374
9678 330
9679 564
9680 325
9681 329
9682 280
9683 302
9684 322
9685 364
9686 256
9687 246
9688 289
9689 299
9690 248
9691 306
9692 314
9693 313
9694 298
9695 346
9696 304
9697 243
9698 308
9699 331
9700 198
9701 291
9702 360
9703 349
9704 282
9705 338
9706 278
9707 300
9708 266
9709 281
9710 287
9711 297
9712 276
9713 292
9714 276
9715 794
9716 229
9717 348
9718 314
9719 358
9720 288
9721 310
9722 237
9723 294
9724 318
9725 286
9726 333
9727 264
9728 326
9729 239
9730 300
9731 301
9732 313
9733 272
9734 271
9735 314
9736 297
9737 294
9738 309
9739 325
9740 289
9741 276
9742 254
9743 273
9744 347
9745 226
9746 196
9747 232
9748 313
9749 274
9750 230
9751 342
9752 242
9753 246
9754 229
9755 350
9756 285
9757 273
9758 245
9759 262
9760 258
9761 276
9762 265
9763 244
9764 295
9765 301
9766 295
9767 301
9768 204
9769 248
9770 329
9771 275
9772 295
9773 268
9774 302
9775 253
9776 332
9777 299
9778 305
9779 247
9780 282
9781 247
9782 222
9783 232
9784 334
9785 251
9786 233
9787 330
9788 265
9789 233
9790 247
9791 225
9792 336
9793 256
9794 418
9795 310
9796 297
9797 359
9798 252
9799 223
9800 277
9801 277
9802 271
9803 260
9804 226
9805 236
9806 242
9807 235
9808 227
9809 295
9810 284
9811 294
9812 222
9813 235
9814 321
9815 256
9816 285
9817 248
9818 309
9819 242
9820 251
9821 240
9822 298
9823 366
9824 290
9825 367
9826 274
9827 217
9828 237
9829 289
9830 286
9831 281
9832 270
9833 246
9834 318
9835 235
9836 240
9837 279
9838 234
9839 252
9840 331
9841 304
9842 266
9843 436
9844 263
9845 253
9846 323
9847 220
9848 253
9849 240
9850 296
9851 355
9852 246
9853 256
9854 265
9855 251
9856 245
9857 484
9858 299
9859 321
9860 262
9861 256
9862 360
9863 256
9864 251
9865 281
9866 459
9867 307
9868 322
9869 313
9870 283
9871 257
9872 192
9873 326
9874 284
9875 213
9876 260
9877 211
9878 307
9879 294
9880 247
9881 268
9882 287
9883 255
9884 235
9885 260
9886 332
9887 236
9888 258
9889 282
9890 265
9891 217
9892 281
9893 218
9894 299
9895 316
9896 318
9897 308
9898 277
9899 205
9900 285
9901 260
9902 259
9903 290
9904 321
9905 234
9906 282
9907 305
9908 269
9909 228
9910 268
9911 292
9912 243
9913 311
9914 222
9915 296
9916 244
9917 271
9918 296
9919 284
9920 217
9921 233
9922 233
9923 267
9924 243
9925 288
9926 242
9927 298
9928 282
9929 261
9930 483
9931 303
9932 296
9933 439
9934 274
9935 291
9936 335
9937 269
9938 315
9939 279
9940 270
9941 312
9942 277
9943 231
9944 244
9945 341
9946 342
9947 300
9948 320
9949 322
9950 318
9951 275
9952 284
9953 238
9954 254
9955 278
9956 224
9957 295
9958 254
9959 224
9960 278
9961 241
9962 275
9963 365
9964 291
9965 481
9966 239
9967 297
9968 337
9969 264
9970 288
9971 426
9972 304
9973 316
9974 302
9975 335
9976 265
9977 291
9978 263
9979 314
9980 283
9981 294
9982 219
9983 192
9984 295
9985 315
9986 246
9987 319
9988 239
9989 226
9990 342
9991 239
9992 301
9993 262
9994 380
9995 196
9996 297
9997 327
9998 289
9999 275
