1 44139
2 5313
3 2806
4 9764
5 7744
6 4756
7 2194
8 2502
9 4319
10 49404
11 5295
12 2221
13 3524
14 2013
15 4074
16 2266
17 3758
18 2899
19 3922
20 2508
21 4436
22 3141
23 4968
24 5223
25 5214
26 5365
27 5719
28 4147
29 5097
30 5474
31 5591
32 4610
33 5446
34 7014
35 6112
36 4057
37 5292
38 5516
39 5418
40 5638
41 4484
42 6466
43 4806
44 7564
45 6799
46 6286
47 5226
48 16644
49 7002
50 9777
51 8996
52 6719
53 7462
54 8653
55 14301
56 6067
57 6240
58 6126
59 7795
60 7462
61 8279
62 11919
63 9595
64 8039
65 6945
66 12906
67 10519
68 11428
69 9004
70 9136
71 9516
72 13177
73 9403
74 11026
75 11612
76 11188
77 12663
78 14614
79 12334
80 9881
81 10854
82 11210
83 10390
84 20141
85 250483
86 10492
87 10249
88 10124
89 10253
90 9325
91 20411
92 15877
93 13045
94 17704
95 19077
96 17832
97 21272
98 18366
99 11714
100 18146
101 12480
102 20258
103 22031
104 11810
105 10854
106 11993
107 11011
108 14181
109 11203
110 12345
111 12480
112 12540
113 12554
114 13815
115 11727
116 12985
117 12009
118 14438
119 12110
120 14214
121 13298
122 12545
123 13573
124 13606
125 12698
126 14943
127 13024
128 14784
129 3999
130 4933
131 4885
132 3323
133 3241
134 5023
135 5011
136 9729
137 3777
138 3525
139 4334
140 3960
141 3054
142 3927
143 4904
144 4708
145 3521
146 4456
147 4695
148 5080
149 5313
150 3438
151 4194
152 4331
153 5202
154 3662
155 3779
156 3848
157 3842
158 3907
159 3805
160 2652
161 3526
162 2681
163 2607
164 3499
165 3457
166 3647
167 2702
168 2642
169 2604
170 3304
171 2730
172 2827
173 2652
174 2721
175 2694
176 4253
177 3941
178 5250
179 2816
180 2750
181 2837
182 2863
183 4298
184 3945
185 2807
186 4188
187 4088
188 3456
189 3066
190 4575
191 2869
192 3062
193 3006
194 3724
195 3255
196 2998
197 3056
198 2967
199 3061
200 3610
201 4297
202 4316
203 3214
204 3144
205 3163
206 3948
207 3095
208 3520
209 4414
210 3240
211 3313
212 3294
213 3282
214 3292
215 3616
216 5492
217 3587
218 3411
219 5184
220 3870
221 5066
222 4067
223 4914
224 3525
225 4563
226 7332
227 6589
228 6635
229 3611
230 4502
231 3681
232 5163
233 3521
234 4213
235 3607
236 3638
237 3606
238 5600
239 4295
240 4897
241 5250
242 5256
243 5101
244 3809
245 3917
246 3814
247 3847
248 5533
249 3883
250 4379
251 5153
252 5272
253 4718
254 4114
255 6044
256 3704
257 5920
258 3906
259 6763
260 4169
261 5250
262 4024
263 4498
264 4345
265 6039
266 4000
267 4638
268 4281
269 5998
270 3979
271 5928
272 4277
273 5895
274 4354
275 4297
276 4693
277 4831
278 4337
279 4087
280 5365
281 4951
282 5389
283 6168
284 6253
285 6318
286 4452
287 4396
288 5786
289 6273
290 5127
291 5280
292 4888
293 5742
294 5751
295 4554
296 6258
297 6296
298 6482
299 4795
300 6256
301 6114
302 109027
303 4653
304 4647
305 4487
306 6591
307 5731
308 4636
309 4710
310 6613
311 5922
312 6867
313 4822
314 4580
315 4630
316 5659
317 4781
318 6208
319 5457
320 6823
321 4777
322 6917
323 4735
324 4832
325 4671
326 4734
327 4750
328 4691
329 5437
330 5719
331 5681
332 4768
333 4886
334 6080
335 5503
336 4902
337 4808
338 5789
339 6649
340 5929
341 5233
342 5438
343 5192
344 5062
345 6355
346 7640
347 5208
348 6012
349 7400
350 5901
351 5837
352 6067
353 6820
354 6640
355 5406
356 6253
357 6078
358 5135
359 7810
360 5117
361 6575
362 6831
363 5314
364 6385
365 5671
366 5478
367 4916
368 7944
369 5441
370 6168
371 7778
372 92687
373 6357
374 6271
375 5651
376 5658
377 6405
378 7464
379 5981
380 5777
381 6734
382 6724
383 6891
384 5780
385 7330
386 5738
387 7028
388 7278
389 7119
390 8312
391 6938
392 5653
393 6329
394 5556
395 5763
396 6000
397 7769
398 8581
399 8558
400 106569
401 7097
402 7044
403 9113
404 7550
405 7658
406 7047
407 8779
408 6298
409 6174
410 8204
411 8684
412 9021
413 6092
414 5955
415 6437
416 7067
417 7394
418 8990
419 7851
420 7306
421 6027
422 6306
423 5973
424 5947
425 6163
426 6238
427 81989
428 6463
429 6442
430 6158
431 6175
432 6420
433 6389
434 6188
435 6115
436 6168
437 6208
438 6410
439 6317
440 6390
441 6276
442 6284
443 6445
444 6369
445 6462
446 6506
447 6574
448 6344
449 6202
450 6423
451 6318
452 6402
453 7025
454 6543
455 6769
456 6539
457 6633
458 6564
459 6714
460 6416
461 6234
462 6606
463 6383
464 6221
465 6892
466 6516
467 6489
468 6840
469 6477
470 6536
471 6417
472 6524
473 6651
474 6621
475 6634
476 6741
477 6750
478 7339
479 6937
480 6786
481 6665
482 6877
483 6800
484 6809
485 6890
486 6736
487 6920
488 6956
489 6784
490 6928
491 6830
492 6852
493 7100
494 7026
495 6869
496 6934
497 6876
498 7035
499 7167
500 6917
501 7253
502 7733
503 7203
504 7203
505 7035
506 7117
507 7077
508 7217
509 7186
510 6934
511 7184
512 7040
513 7322
514 7323
515 7056
516 7364
517 7196
518 7078
519 7123
520 7327
521 7256
522 7284
523 7224
524 7208
525 7303
526 7789
527 7129
528 7326
529 7409
530 7471
531 7498
532 7593
533 7531
534 7495
535 7677
536 7422
537 7706
538 7554
539 7746
540 7409
541 7584
542 7420
543 7782
544 7816
545 7711
546 7876
547 7663
548 73251
549 7855
550 7924
551 7688
552 7742
553 7570
554 7711
555 7647
556 7595
557 7906
558 7801
559 7518
560 7520
561 7642
562 7688
563 8052
564 8132
565 7782
566 7665
567 7959
568 7843
569 7924
570 8238
571 7889
572 8055
573 7811
574 8092
575 8069
576 8036
577 8103
578 8226
579 7989
580 8167
581 8286
582 8353
583 8456
584 8629
585 8044
586 8322
587 8162
588 8240
589 9028
590 8473
591 8440
592 8566
593 8495
594 8550
595 8418
596 8454
597 8527
598 8644
599 8470
600 8239
601 8611
602 8383
603 8668
604 8547
605 8657
606 8500
607 8677
608 9149
609 8828
610 8627
611 8885
612 8551
613 8660
614 8792
615 8683
616 8930
617 8663
618 9698
619 8915
620 9058
621 8834
622 8596
623 8796
624 8620
625 80387
626 9033
627 8761
628 8903
629 9174
630 8866
631 9170
632 8943
633 9346
634 9390
635 9133
636 8917
637 9101
638 8974
639 8808
640 9065
641 9248
642 9203
643 82796
644 9119
645 9526
646 9540
647 9658
648 9514
649 9541
650 9635
651 9836
652 10381
653 10176
654 10276
655 11584
656 9985
657 9903
658 9785
659 15633
660 413813
661 13920
662 13559
663 12671
664 12097
665 11239
666 10850
667 11977
668 11897
669 11335
670 11185
671 10527
672 12257
673 12279
674 11265
675 11932
676 11704
677 172152
678 12019
679 11943
680 11936
681 13184
682 11202
683 11936
684 12115
685 12054
686 10703
687 11107
688 12245
689 11939
690 15480
691 15158
692 13988
693 14301
694 15019
695 11678
696 14768
697 15081
698 13897
699 14981
700 15288
701 11830
702 12645
703 12538
704 13146
705 15251
706 15792
707 16198
708 15175
709 14189
710 225761
711 16689
712 17564
713 16498
714 18090
715 17572
716 16390
717 15575
718 13765
719 17224
720 14545
721 11651
722 13096
723 10515
724 12724
725 16457
726 13402
727 11837
728 12068
729 13467
730 14224
731 12788
732 12668
733 13049
734 13202
735 11674
736 16373
737 12516
738 11968
739 14211
740 14644
741 12446
742 11773
743 12972
744 12282
745 12060
746 12423
747 11073
748 12384
749 12243
750 13619
751 12138
752 13030
753 11961
754 13075
755 13241
756 15251
757 14494
758 96955
759 13177
760 13312
761 13770
762 16267
763 11617
764 11625
765 12548
766 13129
767 12440
768 11762
769 13092
770 11784
771 12915
772 13206
773 15402
774 13860
775 12137
776 14699
777 13523
778 11830
779 12408
780 11346
781 13567
782 12716
783 12758
784 13006
785 13707
786 15349
787 24916
788 13519
789 137842
790 14463
791 19990
792 12984
793 13563
794 13334
795 13198
796 12587
797 11407
798 25450
799 17145
800 18323
801 17131
802 17216
803 16498
804 186547
805 13023
806 15369
807 12043
808 14451
809 13526
810 12153
811 13310
812 13242
813 12902
814 17047
815 15395
816 13828
817 13031
818 14015
819 18437
820 19441
821 18356
822 17842
823 17946
824 19048
825 19556
826 19703
827 18056
828 22274
829 21579
830 18170
831 20204
832 18504
833 17517
834 102086
835 13475
836 14970
837 13620
838 13414
839 13463
840 13252
841 13322
842 14290
843 13438
844 14355
845 11747
846 13135
847 14718
848 21718
849 19426
850 18690
851 17875
852 18706
853 19999
854 19275
855 16932
856 23098
857 21143
858 25884
859 20590
860 20765
861 20964
862 19984
863 16744
864 17255
865 15265
866 15996
867 13752
868 13025
869 17586
870 13406
871 14247
872 15186
873 13173
874 17322
875 14924
876 13411
877 14694
878 14156
879 12516
880 15960
881 18335
882 14561
883 23348
884 15074
885 13399
886 15373
887 14743
888 13086
889 116468
890 15337
891 16837
892 14872
893 13829
894 18435
895 14591
896 14959
897 14696
898 17596
899 17948
900 15947
901 14318
902 15895
903 15355
904 14081
905 14889
906 18500
907 14511
908 14948
909 15187
910 16236
911 15377
912 15321
913 116311
914 13489
915 15117
916 14913
917 14921
918 15003
919 13614
920 15702
921 13071
922 17023
923 16149
924 13000
925 12877
926 13325
927 13098
928 13229
929 15282
930 13138
931 13211
932 15595
933 13456
934 12931
935 12982
936 13429
937 13600
938 13407
939 14285
940 13384
941 13372
942 13821
943 13610
944 13487
945 13813
946 13541
947 13130
948 13673
949 13447
950 13472
951 13597
952 13456
953 14750
954 13529
955 13647
956 13367
957 14055
958 13793
959 13770
960 86197
961 13793
962 14225
963 13522
964 13539
965 14169
966 15769
967 13628
968 13719
969 14043
970 13697
971 13901
972 13613
973 13769
974 16953
975 13572
976 13486
977 13703
978 13605
979 13678
980 13673
981 14198
982 14005
983 14755
984 16211
985 14049
986 13925
987 13651
988 13999
989 14610
990 13788
991 13850
992 13919
993 13849
994 13811
995 13978
996 13952
997 14158
998 13899
999 14168
1000 15332
1001 13954
1002 14010
1003 14326
1004 14362
1005 14088
1006 14450
1007 14254
1008 14702
1009 18702
1010 13687
1011 14586
1012 14081
1013 14335
1014 15292
1015 14129
1016 14476
1017 14376
1018 14052
1019 14123
1020 13933
1021 14081
1022 14363
1023 15811
1024 14961
1025 15560
1026 14613
1027 14985
1028 86302
1029 14126
1030 15370
1031 14924
1032 15216
1033 15471
1034 15342
1035 15577
1036 15327
1037 16659
1038 14904
1039 14837
1040 16084
1041 17146
1042 19313
1043 17660
1044 17713
1045 18091
1046 18210
1047 19720
1048 19191
1049 18499
1050 199819
1051 17415
1052 18253
1053 16934
1054 16946
1055 18859
1056 17276
1057 22836
1058 22267
1059 23448
1060 20126
1061 21528
1062 21074
1063 20965
1064 20172
1065 16658
1066 15899
1067 18702
1068 20425
1069 21307
1070 21483
1071 22141
1072 23823
1073 21262
1074 22801
1075 16867
1076 21951
1077 18233
1078 21577
1079 19713
1080 20730
1081 19489
1082 18399
1083 18167
1084 17899
1085 23074
1086 19206
1087 18907
1088 19646
1089 19113
1090 18663
1091 20410
1092 19319
1093 21071
1094 20182
1095 20250
1096 19212
1097 17756
1098 20525
1099 21101
1100 18075
1101 17930
1102 17989
1103 32532
1104 22974
1105 20679
1106 19938
1107 19226
1108 18903
1109 19223
1110 18970
1111 17765
1112 26056
1113 23453
1114 25903
1115 23442
1116 18774
1117 18223
1118 18921
1119 20607
1120 19677
1121 18394
1122 18793
1123 18541
1124 17911
1125 22752
1126 18641
1127 18966
1128 18817
1129 18701
1130 17714
1131 17577
1132 18007
1133 18452
1134 19112
1135 19730
1136 23203
1137 20323
1138 19969
1139 19933
1140 19358
1141 33362
1142 19940
1143 18194
1144 21598
1145 19154
1146 22511
1147 18990
1148 18490
1149 16472
1150 20544
1151 18693
1152 20035
1153 21928
1154 20377
1155 148048
1156 21520
1157 18096
1158 20287
1159 18700
1160 18698
1161 19642
1162 21857
1163 18022
1164 18809
1165 23294
1166 21285
1167 18561
1168 17908
1169 18664
1170 18498
1171 17753
1172 18833
1173 18721
1174 19794
1175 110180
1176 19681
1177 22168
1178 19839
1179 17096
1180 17375
1181 26279
1182 19080
1183 21714
1184 19469
1185 19459
1186 18468
1187 23424
1188 18032
1189 16459
1190 19704
1191 19554
1192 20452
1193 18368
1194 18641
1195 25813
1196 20174
1197 19008
1198 19483
1199 24762
1200 24401
1201 19884
1202 20271
1203 18128
1204 24035
1205 20273
1206 21657
1207 23551
1208 19732
1209 27035
1210 18887
1211 22254
1212 19013
1213 18512
1214 24833
1215 19914
1216 18120
1217 25915
1218 17646
1219 20683
1220 17486
1221 23187
1222 21784
1223 18685
1224 22459
1225 22606
1226 21439
1227 21395
1228 21418
1229 22495
1230 22127
1231 21581
1232 21326
1233 25131
1234 118348
1235 21665
1236 22090
1237 21541
1238 22139
1239 21895
1240 22139
1241 21939
1242 21578
1243 22118
1244 25504
1245 27132
1246 21787
1247 21449
1248 21136
1249 21884
1250 21387
1251 21627
1252 21738
1253 121404
1254 22111
1255 22611
1256 23362
1257 21609
1258 21643
1259 22163
1260 21835
1261 22282
1262 22323
1263 22276
1264 22166
1265 21814
1266 21553
1267 22069
1268 22006
1269 21866
1270 21779
1271 22510
1272 22704
1273 22380
1274 22029
1275 22425
1276 18245
1277 18861
1278 18746
1279 18394
1280 17615
1281 18167
1282 17821
1283 17875
1284 18425
1285 17361
1286 18382
1287 18397
1288 18042
1289 18557
1290 18872
1291 18914
1292 23036
1293 20941
1294 21792
1295 23647
1296 23008
1297 23649
1298 22070
1299 22329
1300 20035
1301 20814
1302 26154
1303 22184
1304 19163
1305 21099
1306 19578
1307 20190
1308 20402
1309 19467
1310 19418
1311 18336
1312 18244
1313 22472
1314 18225
1315 18751
1316 19210
1317 18996
1318 18627
1319 18836
1320 19167
1321 19136
1322 19730
1323 18974
1324 18818
1325 20291
1326 19262
1327 19160
1328 109785
1329 18599
1330 20440
1331 19867
1332 19757
1333 20234
1334 20391
1335 21325
1336 20549
1337 21511
1338 21894
1339 29337
1340 25826
1341 26109
1342 20061
1343 20184
1344 20130
1345 107812
1346 34666
1347 28842
1348 27055
1349 30626
1350 20312
1351 27917
1352 23171
1353 25849
1354 23002
1355 20696
1356 20660
1357 20814
1358 20890
1359 20310
1360 20531
1361 21583
1362 21570
1363 20577
1364 20833
1365 20642
1366 21260
1367 20665
1368 27195
1369 20524
1370 21913
1371 20867
1372 20942
1373 20712
1374 23127
1375 21976
1376 104318
1377 20512
1378 20934
1379 20103
1380 20365
1381 21677
1382 20579
1383 20591
1384 30409
1385 20397
1386 20151
1387 20929
1388 20412
1389 29623
1390 20301
1391 28395
1392 24536
1393 24641
1394 22097
1395 19798
1396 20537
1397 20294
1398 19709
1399 20461
1400 20412
1401 28098
1402 20501
1403 19860
1404 20141
1405 20250
1406 20586
1407 20016
1408 21133
1409 22182
1410 20830
1411 21500
1412 21425
1413 43168
1414 21417
1415 21385
1416 20777
1417 20915
1418 20397
1419 20527
1420 28453
1421 21078
1422 20541
1423 20608
1424 21119
1425 21220
1426 20488
1427 20104
1428 20346
1429 21049
1430 20856
1431 20842
1432 22055
1433 20426
1434 20268
1435 20340
1436 20540
1437 20523
1438 20367
1439 93899
1440 20657
1441 20068
1442 20910
1443 20095
1444 20905
1445 20250
1446 19896
1447 21902
1448 29431
1449 27992
1450 24300
1451 25824
1452 20661
1453 20680
1454 20422
1455 21132
1456 21129
1457 20347
1458 21296
1459 20758
1460 21546
1461 20556
1462 21137
1463 20560
1464 20392
1465 20961
1466 20688
1467 20401
1468 20642
1469 20605
1470 20865
1471 21553
1472 20988
1473 21021
1474 21232
1475 21029
1476 21238
1477 21070
1478 20615
1479 20874
1480 20122
1481 20587
1482 20837
1483 20763
1484 20447
1485 20942
1486 20946
1487 21262
1488 27035
1489 20737
1490 20534
1491 24358
1492 20846
1493 20948
1494 20763
1495 20685
1496 26059
1497 20659
1498 20953
1499 20828
1500 89780
1501 21044
1502 20669
1503 20645
1504 20433
1505 20641
1506 20346
1507 20859
1508 20764
1509 20812
1510 21070
1511 21081
1512 20764
1513 21111
1514 21353
1515 21228
1516 21247
1517 20793
1518 20945
1519 21087
1520 22601
1521 21487
1522 21049
1523 20935
1524 21358
1525 20936
1526 20762
1527 21297
1528 21079
1529 20969
1530 21577
1531 21884
1532 21304
1533 21216
1534 21406
1535 21444
1536 21026
1537 20926
1538 20587
1539 20970
1540 20649
1541 21146
1542 21289
1543 21140
1544 20993
1545 21015
1546 21383
1547 21501
1548 21756
1549 21187
1550 21121
1551 21242
1552 21565
1553 21288
1554 21438
1555 21360
1556 21303
1557 21423
1558 21870
1559 21194
1560 21286
1561 22073
1562 21576
1563 21799
1564 21827
1565 21554
1566 21597
1567 20923
1568 21226
1569 21347
1570 21397
1571 21078
1572 21469
1573 21228
1574 86534
1575 21155
1576 21274
1577 21239
1578 21440
1579 21818
1580 21745
1581 21878
1582 21648
1583 21841
1584 21554
1585 21711
1586 21559
1587 21694
1588 21368
1589 21787
1590 22619
1591 21861
1592 21782
1593 21505
1594 21272
1595 21255
1596 21516
1597 21665
1598 22217
1599 21620
1600 21428
1601 22049
1602 21410
1603 88114
1604 21788
1605 21489
1606 21679
1607 21612
1608 22235
1609 22040
1610 21809
1611 22082
1612 21839
1613 22045
1614 22202
1615 21604
1616 21516
1617 22284
1618 22279
1619 21946
1620 22252
1621 22146
1622 21803
1623 21883
1624 21896
1625 21900
1626 21706
1627 21634
1628 22447
1629 22391
1630 22355
1631 22258
1632 22531
1633 22513
1634 22644
1635 22514
1636 21929
1637 22522
1638 22352
1639 22518
1640 21987
1641 22284
1642 22491
1643 22063
1644 22517
1645 22414
1646 22543
1647 22984
1648 23505
1649 22468
1650 22698
1651 22269
1652 22172
1653 21997
1654 22769
1655 22437
1656 22270
1657 21983
1658 22121
1659 21870
1660 23149
1661 23116
1662 22230
1663 22831
1664 22595
1665 22477
1666 22885
1667 22237
1668 22163
1669 22441
1670 22785
1671 22566
1672 23197
1673 22904
1674 22706
1675 23623
1676 22600
1677 23358
1678 22755
1679 22691
1680 22835
1681 22667
1682 22064
1683 22725
1684 23402
1685 23107
1686 22936
1687 22783
1688 27177
1689 23766
1690 22777
1691 23028
1692 22558
1693 22767
1694 22682
1695 22737
1696 22862
1697 22868
1698 22978
1699 23161
1700 22608
1701 23236
1702 22953
1703 22967
1704 23067
1705 22923
1706 23388
1707 22972
1708 23020
1709 23075
1710 23118
1711 23227
1712 23234
1713 23021
1714 23134
1715 91656
1716 23141
1717 23463
1718 23642
1719 22539
1720 22871
1721 21955
1722 22134
1723 22477
1724 21865
1725 22645
1726 22422
1727 21970
1728 22256
1729 22878
1730 22322
1731 22219
1732 22490
1733 22482
1734 23600
1735 51106
1736 22646
1737 22398
1738 22070
1739 22394
1740 22951
1741 22098
1742 88591
1743 22811
1744 22606
1745 23021
1746 23022
1747 22635
1748 22459
1749 22550
1750 22385
1751 23061
1752 22490
1753 22960
1754 22321
1755 22273
1756 22908
1757 22797
1758 22204
1759 22408
1760 23045
1761 22299
1762 23147
1763 22865
1764 22677
1765 22454
1766 23127
1767 22950
1768 23108
1769 23526
1770 23273
1771 22304
1772 22581
1773 22760
1774 22366
1775 22901
1776 22878
1777 23021
1778 22928
1779 22525
1780 23208
1781 22924
1782 123938
1783 22688
1784 23025
1785 23033
1786 22519
1787 22983
1788 22504
1789 22950
1790 23176
1791 23447
1792 22988
1793 22690
1794 22697
1795 23044
1796 23569
1797 23289
1798 23100
1799 23224
1800 23079
1801 23124
1802 36911
1803 23180
1804 23442
1805 22831
1806 23249
1807 23807
1808 23155
1809 23462
1810 24822
1811 23348
1812 23064
1813 24127
1814 22859
1815 23200
1816 44549
1817 23177
1818 23215
1819 23439
1820 23360
1821 23046
1822 24102
1823 50894
1824 23513
1825 23066
1826 23267
1827 23492
1828 23220
1829 22932
1830 23191
1831 23116
1832 23098
1833 23698
1834 23195
1835 23814
1836 23481
1837 23723
1838 23704
1839 24072
1840 23722
1841 24023
1842 23670
1843 24236
1844 23741
1845 23514
1846 23927
1847 23717
1848 23869
1849 24457
1850 23466
1851 23768
1852 23980
1853 23565
1854 24323
1855 23882
1856 23381
1857 23634
1858 23484
1859 24007
1860 23770
1861 24541
1862 24209
1863 23763
1864 24090
1865 24471
1866 24075
1867 23873
1868 23997
1869 23794
1870 23457
1871 23985
1872 24314
1873 24213
1874 24188
1875 24247
1876 23865
1877 37086
1878 23696
1879 24018
1880 23928
1881 23974
1882 24034
1883 24019
1884 24161
1885 23980
1886 24040
1887 24444
1888 24237
1889 24596
1890 24642
1891 24528
1892 24713
1893 24282
1894 24397
1895 23472
1896 24384
1897 24002
1898 24214
1899 24428
1900 25326
1901 24205
1902 24166
1903 23714
1904 24530
1905 24213
1906 24317
1907 23832
1908 24244
1909 24889
1910 24502
1911 24780
1912 24084
1913 24554
1914 24479
1915 24377
1916 24211
1917 24331
1918 24588
1919 24196
1920 24702
1921 24477
1922 24778
1923 24758
1924 25006
1925 88672
1926 25025
1927 24644
1928 24827
1929 24516
1930 24675
1931 24696
1932 24734
1933 24565
1934 24761
1935 24824
1936 24876
1937 25190
1938 25152
1939 25869
1940 24759
1941 24946
1942 24554
1943 25255
1944 24956
1945 25022
1946 24780
1947 24450
1948 24795
1949 24732
1950 24977
1951 25471
1952 24718
1953 24696
1954 24806
1955 25052
1956 25012
1957 24623
1958 24920
1959 24865
1960 24591
1961 24698
1962 25332
1963 234014
1964 25422
1965 25208
1966 25012
1967 25480
1968 24940
1969 25054
1970 24767
1971 25203
1972 25503
1973 25096
1974 25728
1975 25437
1976 25743
1977 25030
1978 25050
1979 25394
1980 25481
1981 25247
1982 25182
1983 25455
1984 25736
1985 24900
1986 25214
1987 25543
1988 206510
1989 26182
1990 25574
1991 25316
1992 25509
1993 25090
1994 25913
1995 25201
1996 25484
1997 25690
1998 24917
1999 25436
2000 25433
2001 36824
2002 36390
2003 36104
2004 40982
2005 36264
2006 36412
2007 36074
2008 37404
2009 36533
2010 35411
2011 36054
2012 38666
2013 26671
2014 26103
2015 25869
2016 26275
2017 26371
2018 26759
2019 26299
2020 26964
2021 27211
2022 27031
2023 26902
2024 43429
2025 43782
2026 45063
2027 43432
2028 42882
2029 43819
2030 45973
2031 43036
2032 43744
2033 46292
2034 43544
2035 27594
2036 27012
2037 27173
2038 27370
2039 27000
2040 26545
2041 27265
2042 27376
2043 26811
2044 26928
2045 27543
2046 27645
2047 27198
2048 26979
2049 27058
2050 27070
2051 27235
2052 27155
2053 27021
2054 28691
2055 27963
2056 27920
2057 27560
2058 27397
2059 27439
2060 27414
2061 27019
2062 27872
2063 27370
2064 27570
2065 27423
2066 27597
2067 31060
2068 27466
2069 27635
2070 27629
2071 29579
2072 27324
2073 26726
2074 27037
2075 28991
2076 27048
2077 28242
2078 27650
2079 27954
2080 28020
2081 27374
2082 28131
2083 27364
2084 28243
2085 28220
2086 27368
2087 28708
2088 30650
2089 27514
2090 28267
2091 27828
2092 27624
2093 28125
2094 28011
2095 28343
2096 29449
2097 27814
2098 28129
2099 28184
2100 28143
2101 27679
2102 27259
2103 27907
2104 28150
2105 27935
2106 27797
2107 27748
2108 27869
2109 27519
2110 27875
2111 27908
2112 27932
2113 29268
2114 27416
2115 27895
2116 28434
2117 31155
2118 27891
2119 28391
2120 27519
2121 27825
2122 28175
2123 28076
2124 28099
2125 27875
2126 28548
2127 27969
2128 27691
2129 28052
2130 28092
2131 28267
2132 27661
2133 28667
2134 28203
2135 28478
2136 28550
2137 28397
2138 28119
2139 28035
2140 28420
2141 28871
2142 28805
2143 28557
2144 28296
2145 28596
2146 29010
2147 28793
2148 27871
2149 28112
2150 28369
2151 28956
2152 28353
2153 28410
2154 28473
2155 28941
2156 28047
2157 28551
2158 28758
2159 28411
2160 105801
2161 29414
2162 28736
2163 28512
2164 28456
2165 28672
2166 28697
2167 28579
2168 28735
2169 28561
2170 28954
2171 28113
2172 29458
2173 28626
2174 28390
2175 28708
2176 28902
2177 28513
2178 28920
2179 29299
2180 28424
2181 28616
2182 28763
2183 28189
2184 29327
2185 28564
2186 28809
2187 29097
2188 28560
2189 29159
2190 28660
2191 28725
2192 28664
2193 28795
2194 28759
2195 28460
2196 28859
2197 29698
2198 29112
2199 29231
2200 28651
2201 106826
2202 29338
2203 28839
2204 28521
2205 29041
2206 28970
2207 28941
2208 28835
2209 28666
2210 29482
2211 29554
2212 28449
2213 28939
2214 29606
2215 28542
2216 29942
2217 28997
2218 29139
2219 29476
2220 29693
2221 29426
2222 29460
2223 29153
2224 29283
2225 28906
2226 29364
2227 28679
2228 31555
2229 28394
2230 28675
2231 28555
2232 28629
2233 28675
2234 28655
2235 28264
2236 28375
2237 28755
2238 28646
2239 29118
2240 28499
2241 29104
2242 29121
2243 28707
2244 28802
2245 29733
2246 28987
2247 28843
2248 29131
2249 28923
2250 28681
2251 29360
2252 29601
2253 29102
2254 29239
2255 29513
2256 28680
2257 29103
2258 29029
2259 44889
2260 28507
2261 28844
2262 29632
2263 29184
2264 29850
2265 29177
2266 28956
2267 29270
2268 29377
2269 29491
2270 28836
2271 28796
2272 28802
2273 28773
2274 29406
2275 29248
2276 29376
2277 29204
2278 28659
2279 28954
2280 29186
2281 28868
2282 29283
2283 29568
2284 29613
2285 29924
2286 29827
2287 29620
2288 29691
2289 28993
2290 29415
2291 29146
2292 29198
2293 29130
2294 29343
2295 29606
2296 29554
2297 29303
2298 29268
2299 30195
2300 29529
2301 164553
2302 30040
2303 29853
2304 29234
2305 29349
2306 29737
2307 29989
2308 29708
2309 29928
2310 29931
2311 30167
2312 29419
2313 29676
2314 29620
2315 29765
2316 29859
2317 29975
2318 29927
2319 29573
2320 29458
2321 29969
2322 29800
2323 29510
2324 30140
2325 29910
2326 29845
2327 30099
2328 30197
2329 30571
2330 30304
2331 29898
2332 29925
2333 29721
2334 29991
2335 30108
2336 29750
2337 29818
2338 29482
2339 30420
2340 160333
2341 30058
2342 29930
2343 30683
2344 29811
2345 29813
2346 29833
2347 30344
2348 30059
2349 29886
2350 30053
2351 29783
2352 30209
2353 29598
2354 30181
2355 29910
2356 29892
2357 30209
2358 30264
2359 30006
2360 29944
2361 29804
2362 30488
2363 30106
2364 29988
2365 30008
2366 29870
2367 30325
2368 29349
2369 30419
2370 29947
2371 29962
2372 30204
2373 30243
2374 30909
2375 29678
2376 29896
2377 29938
2378 30216
2379 159913
2380 30963
2381 30459
2382 47324
2383 31533
2384 31624
2385 32022
2386 31493
2387 31468
2388 31023
2389 30961
2390 30226
2391 34984
2392 30715
2393 30246
2394 30109
2395 30718
2396 30731
2397 30989
2398 30502
2399 30808
2400 30696
2401 30385
2402 30447
2403 30447
2404 29565
2405 30398
2406 30387
2407 31167
2408 30739
2409 30477
2410 30017
2411 30021
2412 30129
2413 36465
2414 31374
2415 31314
2416 30371
2417 30397
2418 30501
2419 31190
2420 31030
2421 30778
2422 31140
2423 30281
2424 30518
2425 30621
2426 30674
2427 31214
2428 30358
2429 30585
2430 30500
2431 31425
2432 30047
2433 31168
2434 31683
2435 30154
2436 30926
2437 31446
2438 30964
2439 30866
2440 31249
2441 31358
2442 30996
2443 31598
2444 31144
2445 31635
2446 32142
2447 31240
2448 30952
2449 30778
2450 31335
2451 31353
2452 31850
2453 31239
2454 30621
2455 30757
2456 31322
2457 31695
2458 31408
2459 31504
2460 31150
2461 36878
2462 31144
2463 30881
2464 30694
2465 31397
2466 31154
2467 30880
2468 31794
2469 30834
2470 31168
2471 31285
2472 32069
2473 32103
2474 31612
2475 32196
2476 32089
2477 31071
2478 31025
2479 31694
2480 31284
2481 31343
2482 30636
2483 30667
2484 31186
2485 31158
2486 31868
2487 34727
2488 31240
2489 31318
2490 31236
2491 31676
2492 32903
2493 202805
2494 31055
2495 32299
2496 31332
2497 31509
2498 31030
2499 31207
2500 31805
2501 31404
2502 31489
2503 31586
2504 31378
2505 31754
2506 31031
2507 31185
2508 31714
2509 31220
2510 31683
2511 31484
2512 31744
2513 31389
2514 31048
2515 31228
2516 32018
2517 31146
2518 31448
2519 31057
2520 31637
2521 31368
2522 31992
2523 31512
2524 31661
2525 31136
2526 31681
2527 31941
2528 31487
2529 32308
2530 152321
2531 31486
2532 32139
2533 32180
2534 31402
2535 31651
2536 31695
2537 31485
2538 31856
2539 31875
2540 31855
2541 31618
2542 31577
2543 31509
2544 31937
2545 32651
2546 31979
2547 31967
2548 32059
2549 32261
2550 31884
2551 32284
2552 32591
2553 32262
2554 32349
2555 32191
2556 31741
2557 31442
2558 32107
2559 31489
2560 31992
2561 32662
2562 31736
2563 32058
2564 32316
2565 32155
2566 31961
2567 162939
2568 32040
2569 59579
2570 32186
2571 31331
2572 32109
2573 31771
2574 32192
2575 32054
2576 32010
2577 32237
2578 46894
2579 35086
2580 32776
2581 33581
2582 32123
2583 32619
2584 32468
2585 137088
2586 32354
2587 33171
2588 32472
2589 65702
2590 33290
2591 33471
2592 33805
2593 32552
2594 33572
2595 33561
2596 34328
2597 33297
2598 34542
2599 34148
2600 34211
2601 33317
2602 34622
2603 172226
2604 33539
2605 33606
2606 33825
2607 33357
2608 33151
2609 33344
2610 32301
2611 33085
2612 33007
2613 33491
2614 33532
2615 33312
2616 34491
2617 33763
2618 33281
2619 33265
2620 34916
2621 34148
2622 33452
2623 32616
2624 33070
2625 33628
2626 34310
2627 33027
2628 33775
2629 34672
2630 32875
2631 33854
2632 35558
2633 34739
2634 34190
2635 33780
2636 64097
2637 34441
2638 34358
2639 33523
2640 33347
2641 32861
2642 32502
2643 33124
2644 33988
2645 33193
2646 33957
2647 33247
2648 34098
2649 33316
2650 33434
2651 33142
2652 32825
2653 33131
2654 34168
2655 33802
2656 138553
2657 32802
2658 33180
2659 33267
2660 32859
2661 32648
2662 32792
2663 32861
2664 32755
2665 32777
2666 33154
2667 33391
2668 48312
2669 33015
2670 33115
2671 33265
2672 33085
2673 32975
2674 33760
2675 33246
2676 33289
2677 36658
2678 34136
2679 33317
2680 33415
2681 33472
2682 33306
2683 33838
2684 33151
2685 33749
2686 33671
2687 33547
2688 33812
2689 35443
2690 33301
2691 33609
2692 33198
2693 33335
2694 33342
2695 32977
2696 32854
2697 33961
2698 33880
2699 33738
2700 33725
2701 33960
2702 33288
2703 33204
2704 77450
2705 33420
2706 33505
2707 33697
2708 33249
2709 167339
2710 34144
2711 51360
2712 34063
2713 33935
2714 33809
2715 33285
2716 33204
2717 33687
2718 33339
2719 33615
2720 33802
2721 34518
2722 34040
2723 34321
2724 33728
2725 33485
2726 33563
2727 33729
2728 34453
2729 33644
2730 33674
2731 33910
2732 33669
2733 33612
2734 33764
2735 34255
2736 34553
2737 34500
2738 33769
2739 33987
2740 34163
2741 33873
2742 33608
2743 33887
2744 163532
2745 34336
2746 33762
2747 33941
2748 34773
2749 34457
2750 34136
2751 33895
2752 34194
2753 34012
2754 34017
2755 34132
2756 33701
2757 34263
2758 34750
2759 34574
2760 34497
2761 34089
2762 34954
2763 33850
2764 34514
2765 33855
2766 34128
2767 33867
2768 34166
2769 34273
2770 34261
2771 34082
2772 34334
2773 34004
2774 34036
2775 34429
2776 33562
2777 34934
2778 34587
2779 163455
2780 34332
2781 34283
2782 34824
2783 34995
2784 34667
2785 34322
2786 34277
2787 34768
2788 34194
2789 34301
2790 34377
2791 34897
2792 34619
2793 34592
2794 34384
2795 34841
2796 34305
2797 34407
2798 34689
2799 34345
2800 34616
2801 34019
2802 34564
2803 34248
2804 34747
2805 35497
2806 34929
2807 34863
2808 34336
2809 34345
2810 34678
2811 34613
2812 34126
2813 34834
2814 166482
2815 34760
2816 34690
2817 34660
2818 34887
2819 35361
2820 34529
2821 37396
2822 34206
2823 34510
2824 34857
2825 34848
2826 35191
2827 35340
2828 34688
2829 35331
2830 35272
2831 131689
2832 35043
2833 34774
2834 35182
2835 34763
2836 34807
2837 34389
2838 34846
2839 34361
2840 34917
2841 34810
2842 34516
2843 34682
2844 35261
2845 35258
2846 35375
2847 35353
2848 166684
2849 35262
2850 34999
2851 35133
2852 35923
2853 35438
2854 35945
2855 35492
2856 35061
2857 35485
2858 34957
2859 35409
2860 34644
2861 35156
2862 35066
2863 35405
2864 35314
2865 134654
2866 35445
2867 35400
2868 35496
2869 35553
2870 35271
2871 34996
2872 35471
2873 35012
2874 35565
2875 35427
2876 35265
2877 35589
2878 35259
2879 35242
2880 35139
2881 35266
2882 35598
2883 35089
2884 35176
2885 35419
2886 35193
2887 34962
2888 35605
2889 35305
2890 35247
2891 35389
2892 35816
2893 35490
2894 35925
2895 35800
2896 36491
2897 35799
2898 161022
2899 35643
2900 35586
2901 35562
2902 35984
2903 35819
2904 36241
2905 36591
2906 35771
2907 35684
2908 35684
2909 36063
2910 36003
2911 35929
2912 36891
2913 35547
2914 163095
2915 35395
2916 35941
2917 35822
2918 35856
2919 35664
2920 36174
2921 35315
2922 35017
2923 36378
2924 35827
2925 35880
2926 36249
2927 35623
2928 35959
2929 35482
2930 36167
2931 35739
2932 35920
2933 48503
2934 35970
2935 35563
2936 36146
2937 36263
2938 35627
2939 35676
2940 35792
2941 35937
2942 35708
2943 35955
2944 36049
2945 36220
2946 38072
2947 36620
2948 36133
2949 36502
2950 35940
2951 36579
2952 36881
2953 38616
2954 36299
2955 36120
2956 35960
2957 37229
2958 36986
2959 36493
2960 36492
2961 243968
2962 36086
2963 36838
2964 36452
2965 37118
2966 36675
2967 36407
2968 37319
2969 36444
2970 36601
2971 36455
2972 37084
2973 36544
2974 36624
2975 36388
2976 36632
2977 36739
2978 36476
2979 36637
2980 36914
2981 36541
2982 36513
2983 36632
2984 36839
2985 36532
2986 36958
2987 36476
2988 36419
2989 36702
2990 36478
2991 36901
2992 37428
2993 39809
2994 37112
2995 37026
2996 36500
2997 36929
2998 36864
2999 36740
3000 37019
3001 37117
3002 36363
3003 37441
3004 38184
3005 38375
3006 39391
3007 39126
3008 38473
3009 37859
3010 37769
3011 38016
3012 37210
3013 37763
3014 38056
3015 38371
3016 38017
3017 37349
3018 37971
3019 37967
3020 37797
3021 37423
3022 37804
3023 37612
3024 38313
3025 38428
3026 38198
3027 37580
3028 38376
3029 37665
3030 39131
3031 38362
3032 38012
3033 38963
3034 37923
3035 38544
3036 37926
3037 38321
3038 39296
3039 38507
3040 38134
3041 37632
3042 38701
3043 38010
3044 53789
3045 40821
3046 41019
3047 39861
3048 39559
3049 38920
3050 39967
3051 39728
3052 40412
3053 40751
3054 40589
3055 195733
3056 39045
3057 38976
3058 39763
3059 39998
3060 40431
3061 40603
3062 41619
3063 40140
3064 43459
3065 57664
3066 41895
3067 44024
3068 46671
3069 198029
3070 43153
3071 44644
3072 43587
3073 44825
3074 45481
3075 44566
3076 44485
3077 44119
3078 44631
3079 43944
3080 44345
3081 45610
3082 43703
3083 205071
3084 45628
3085 44265
3086 45972
3087 64099
3088 45747
3089 53540
3090 45823
3091 44146
3092 44891
3093 45353
3094 45833
3095 45741
3096 45923
3097 45954
3098 45552
3099 46008
3100 46250
3101 45558
3102 45748
3103 45600
3104 46775
3105 77213
3106 46446
3107 46134
3108 44801
3109 45101
3110 44371
3111 45220
3112 45296
3113 44813
3114 44191
3115 44972
3116 43434
3117 43770
3118 43699
3119 43845
3120 44776
3121 43081
3122 43420
3123 44091
3124 42475
3125 44002
3126 43609
3127 43041
3128 41804
3129 41434
3130 41283
3131 41012
3132 42584
3133 41492
3134 43066
3135 41239
3136 45906
3137 42565
3138 178006
3139 41499
3140 41385
3141 41869
3142 41144
3143 41360
3144 41481
3145 41155
3146 41704
3147 42117
3148 40485
3149 40917
3150 40459
3151 40601
3152 40800
3153 40347
3154 42082
3155 42808
3156 42076
3157 41830
3158 41503
3159 41797
3160 42464
3161 41671
3162 41861
3163 42112
3164 41958
3165 122828
3166 41484
3167 42047
3168 42549
3169 42466
3170 43151
3171 42041
3172 42300
3173 41946
3174 42497
3175 42469
3176 42124
3177 42981
3178 42212
3179 42467
3180 42263
3181 42159
3182 41991
3183 42119
3184 41852
3185 41775
3186 42613
3187 42395
3188 42133
3189 42504
3190 41989
3191 42327
3192 119563
3193 42166
3194 42276
3195 43130
3196 42447
3197 41876
3198 41794
3199 41914
3200 42476
3201 42345
3202 42594
3203 42418
3204 42999
3205 42372
3206 42237
3207 42255
3208 43103
3209 42554
3210 42423
3211 43392
3212 42274
3213 42924
3214 42694
3215 42604
3216 42136
3217 42924
3218 42611
3219 116517
3220 42928
3221 42527
3222 42585
3223 42477
3224 42828
3225 42639
3226 42764
3227 43150
3228 43313
3229 42810
3230 42766
3231 42876
3232 42283
3233 43501
3234 42127
3235 42620
3236 42746
3237 42485
3238 43816
3239 43097
3240 45771
3241 42652
3242 42870
3243 42152
3244 43873
3245 43359
3246 120713
3247 42936
3248 42744
3249 43303
3250 43211
3251 43054
3252 43509
3253 43276
3254 42543
3255 43674
3256 42193
3257 43180
3258 43411
3259 42850
3260 43290
3261 42923
3262 43320
3263 43683
3264 43193
3265 43176
3266 43155
3267 43090
3268 43450
3269 42801
3270 43368
3271 43324
3272 43082
3273 118229
3274 43258
3275 43485
3276 43462
3277 43131
3278 43653
3279 43787
3280 42631
3281 43200
3282 43803
3283 43360
3284 44048
3285 44320
3286 43494
3287 43647
3288 43515
3289 43994
3290 43670
3291 43339
3292 43889
3293 43994
3294 43631
3295 43659
3296 43832
3297 43527
3298 43773
3299 43650
3300 43953
3301 43372
3302 43564
3303 42796
3304 42646
3305 43022
3306 43058
3307 43039
3308 42906
3309 42770
3310 42437
3311 43145
3312 42475
3313 175977
3314 43126
3315 43146
3316 42960
3317 42673
3318 42771
3319 42476
3320 42890
3321 43131
3322 43175
3323 43003
3324 43653
3325 43046
3326 172108
3327 42998
3328 42664
3329 43404
3330 42344
3331 42646
3332 60526
3333 41856
3334 42501
3335 43547
3336 41831
3337 42212
3338 41912
3339 43410
3340 43207
3341 42641
3342 68023
3343 42700
3344 42771
3345 43017
3346 42729
3347 42193
3348 42169
3349 42032
3350 42302
3351 42878
3352 41804
3353 42185
3354 43246
3355 42647
3356 42015
3357 42841
3358 42681
3359 42524
3360 42712
3361 42279
3362 41854
3363 42324
3364 42590
3365 42120
3366 42727
3367 42651
3368 42629
3369 43048
3370 42279
3371 42789
3372 42920
3373 43154
3374 42936
3375 42729
3376 43018
3377 43018
3378 43738
3379 42673
3380 43301
3381 43622
3382 42114
3383 42890
3384 42505
3385 42708
3386 42154
3387 43083
3388 43028
3389 42647
3390 43206
3391 42722
3392 42656
3393 43363
3394 43018
3395 43258
3396 43149
3397 42670
3398 43331
3399 43010
3400 44946
3401 45518
3402 47964
3403 47356
3404 47525
3405 70085
3406 70417
3407 85103
3408 69770
3409 68855
3410 68452
3411 100301
3412 70776
3413 84603
3414 68388
3415 108805
3416 70378
3417 72478
3418 276481
3419 54436
3420 50193
3421 50779
3422 50458
3423 50638
3424 81220
3425 52366
3426 51028
3427 49445
3428 76245
3429 50705
3430 59081
3431 95164
3432 102895
3433 72527
3434 85638
3435 68037
3436 68367
3437 69011
3438 69353
3439 70029
3440 70379
3441 75554
3442 72535
3443 71279
3444 247063
3445 71995
3446 49118
3447 66685
3448 50445
3449 50300
3450 50364
3451 54975
3452 50153
3453 51989
3454 51058
3455 54123
3456 53946
3457 50716
3458 51431
3459 51747
3460 51742
3461 55778
3462 51103
3463 55171
3464 51868
3465 52219
3466 51681
3467 51316
3468 52481
3469 52195
3470 173880
3471 55600
3472 51892
3473 52219
3474 51550
3475 73067
3476 52894
3477 53604
3478 52753
3479 52254
3480 52036
3481 52834
3482 56157
3483 2655628
3484 85666
3485 50590
3486 51631
3487 49392
3488 49643
3489 49670
3490 48378
3491 53279
3492 52277
3493 52163
3494 52535
3495 52530
3496 50836
3497 51519
3498 51047
3499 51600
3500 50642
3501 52066
3502 52583
3503 58007
3504 56172
3505 53472
3506 53442
3507 52730
3508 56184
3509 53832
3510 53835
3511 54231
3512 53716
3513 53189
3514 53528
3515 56879
3516 52653
3517 53621
3518 54855
3519 52801
3520 52626
3521 53006
3522 52814
3523 53110
3524 54032
3525 53579
3526 53654
3527 52866
3528 54206
3529 53866
3530 53844
3531 53174
3532 54562
3533 53898
3534 52173
3535 53313
3536 53365
3537 57068
3538 53540
3539 54097
3540 53725
3541 55902
3542 51938
3543 55242
3544 53447
3545 254546
3546 53555
3547 55315
3548 54204
3549 51518
3550 51352
3551 57426
3552 51484
3553 52489
3554 51814
3555 53328
3556 53313
3557 51229
3558 50603
3559 55311
3560 70059
3561 93989
3562 52322
3563 51345
3564 73725
3565 69879
3566 53167
3567 53873
3568 53942
3569 60701
3570 52739
3571 52685
3572 52549
3573 52307
3574 52609
3575 52665
3576 52891
3577 52942
3578 74521
3579 53593
3580 53687
3581 53883
3582 53001
3583 55343
3584 53883
3585 54458
3586 53617
3587 59322
3588 54702
3589 54761
3590 54577
3591 54375
3592 83160
3593 54854
3594 54287
3595 53771
3596 180261
3597 53204
3598 55299
3599 53626
3600 53595
3601 90833
3602 53996
3603 54350
3604 55269
3605 58455
3606 55282
3607 54834
3608 54989
3609 54338
3610 57340
3611 57688
3612 54745
3613 54129
3614 55120
3615 56591
3616 55263
3617 54730
3618 54439
3619 59503
3620 55405
3621 53634
3622 54555
3623 54607
3624 50952
3625 51272
3626 54982
3627 54802
3628 54832
3629 54058
3630 54454
3631 53577
3632 54158
3633 54008
3634 53949
3635 53154
3636 53901
3637 53732
3638 54824
3639 53511
3640 53995
3641 53901
3642 54617
3643 55987
3644 55224
3645 50774
3646 51553
3647 154633
3648 53228
3649 52984
3650 53717
3651 54559
3652 54835
3653 54109
3654 54485
3655 55373
3656 53940
3657 54803
3658 55103
3659 54228
3660 55374
3661 55609
3662 54746
3663 54312
3664 53851
3665 54616
3666 54064
3667 54427
3668 56055
3669 55690
3670 53310
3671 54538
3672 160565
3673 53538
3674 53518
3675 53834
3676 51268
3677 52096
3678 51498
3679 53379
3680 52866
3681 51743
3682 53819
3683 52729
3684 52700
3685 52593
3686 51355
3687 52766
3688 53297
3689 52535
3690 53806
3691 50980
3692 52518
3693 53232
3694 55689
3695 54313
3696 52779
3697 152040
3698 53627
3699 65887
3700 54881
3701 54853
3702 53960
3703 55565
3704 55466
3705 56287
3706 55501
3707 55838
3708 56369
3709 55411
3710 55704
3711 56068
3712 54016
3713 55196
3714 55641
3715 55676
3716 54747
3717 54854
3718 56218
3719 56167
3720 54245
3721 57252
3722 157255
3723 51345
3724 52624
3725 51016
3726 51162
3727 51036
3728 53960
3729 52612
3730 53227
3731 53164
3732 53108
3733 53076
3734 53580
3735 53532
3736 54608
3737 53921
3738 53048
3739 52489
3740 52537
3741 52544
3742 53312
3743 51505
3744 54812
3745 53745
3746 54138
3747 149541
3748 53816
3749 54471
3750 54074
3751 52088
3752 52901
3753 54239
3754 64428
3755 67130
3756 65259
3757 103260
3758 54773
3759 59203
3760 53698
3761 54469
3762 55279
3763 54859
3764 56112
3765 56859
3766 55103
3767 55437
3768 54940
3769 71333
3770 55786
3771 216089
3772 54436
3773 55014
3774 56076
3775 81794
3776 59396
3777 58166
3778 55596
3779 55543
3780 54462
3781 54159
3782 55255
3783 71192
3784 53988
3785 55317
3786 55611
3787 76132
3788 56550
3789 55974
3790 56421
3791 56999
3792 57333
3793 55689
3794 55992
3795 249658
3796 58507
3797 66640
3798 56233
3799 56442
3800 56363
3801 96359
3802 56104
3803 55813
3804 56660
3805 57246
3806 57245
3807 56620
3808 56468
3809 56978
3810 56843
3811 57774
3812 57384
3813 56781
3814 57128
3815 57161
3816 56889
3817 57632
3818 57861
3819 171555
3820 56590
3821 58701
3822 57173
3823 57235
3824 58733
3825 57192
3826 56282
3827 56638
3828 55736
3829 56885
3830 56359
3831 56899
3832 57277
3833 57330
3834 56051
3835 56779
3836 57973
3837 56575
3838 57874
3839 57058
3840 57687
3841 57976
3842 58378
3843 159091
3844 55965
3845 53827
3846 56143
3847 56172
3848 56992
3849 56003
3850 56623
3851 56109
3852 55600
3853 55923
3854 55500
3855 56723
3856 56270
3857 56460
3858 54270
3859 54852
3860 55381
3861 55982
3862 58410
3863 56565
3864 54379
3865 55344
3866 55381
3867 152696
3868 53573
3869 53829
3870 55391
3871 57271
3872 54922
3873 53859
3874 53609
3875 55378
3876 53482
3877 53295
3878 54541
3879 53506
3880 53177
3881 54732
3882 54495
3883 53126
3884 53995
3885 53932
3886 54090
3887 52893
3888 55267
3889 54642
3890 56748
3891 193100
3892 53668
3893 54341
3894 53438
3895 53324
3896 54119
3897 54597
3898 53193
3899 54034
3900 55503
3901 53233
3902 53393
3903 54376
3904 51879
3905 53305
3906 54272
3907 54628
3908 53777
3909 54468
3910 55198
3911 54499
3912 56264
3913 53767
3914 53181
3915 56350
3916 53706
3917 54295
3918 54103
3919 54579
3920 54167
3921 52294
3922 54038
3923 57346
3924 55039
3925 55248
3926 54264
3927 54239
3928 55311
3929 55478
3930 56674
3931 56123
3932 55712
3933 54503
3934 54445
3935 56368
3936 52491
3937 54651
3938 52746
3939 57474
3940 54248
3941 55032
3942 55461
3943 56478
3944 54985
3945 54570
3946 55571
3947 55935
3948 56280
3949 55547
3950 55483
3951 55171
3952 54119
3953 55032
3954 56636
3955 55477
3956 56378
3957 55984
3958 57538
3959 55972
3960 55839
3961 56215
3962 203168
3963 53873
3964 52327
3965 53305
3966 53162
3967 52347
3968 51134
3969 52898
3970 53533
3971 52403
3972 53284
3973 52667
3974 51533
3975 52039
3976 54373
3977 51457
3978 51591
3979 51671
3980 52113
3981 52539
3982 52438
3983 51552
3984 53854
3985 51768
3986 53810
3987 52896
3988 54104
3989 52237
3990 53188
3991 53461
3992 52909
3993 54433
3994 55490
3995 53339
3996 53561
3997 55431
3998 68352
3999 54825
4000 55650
4001 53773
4002 54830
4003 55527
4004 53837
4005 54863
4006 57193
4007 54838
4008 56501
4009 55249
4010 52275
4011 51604
4012 52632
4013 52254
4014 51400
4015 50448
4016 51610
4017 53358
4018 51986
4019 52107
4020 52040
4021 51065
4022 51901
4023 53083
4024 69517
4025 52783
4026 52773
4027 52250
4028 52133
4029 53376
4030 51842
4031 53992
4032 53479
4033 237407
4034 53507
4035 53019
4036 52631
4037 52586
4038 53355
4039 53779
4040 53283
4041 53393
4042 52568
4043 53458
4044 54502
4045 55019
4046 55388
4047 73336
4048 54418
4049 55589
4050 55100
4051 55962
4052 55716
4053 56482
4054 55688
4055 56842
4056 205841
4057 56377
4058 55737
4059 56573
4060 55502
4061 54602
4062 57834
4063 55470
4064 55919
4065 57522
4066 55030
4067 54509
4068 54645
4069 53717
4070 53188
4071 52436
4072 52403
4073 53906
4074 54082
4075 54516
4076 54232
4077 55395
4078 55894
4079 206690
4080 55104
4081 64170
4082 60899
4083 60996
4084 62414
4085 57190
4086 85519
4087 54137
4088 57496
4089 56176
4090 56971
4091 56795
4092 56436
4093 57743
4094 56675
4095 57414
4096 58341
4097 57852
4098 58479
4099 57696
4100 57851
4101 56633
4102 56938
4103 55899
4104 57055
4105 56663
4106 56654
4107 82652
4108 65441
4109 58429
4110 76725
4111 72207
4112 58837
4113 58600
4114 59031
4115 59845
4116 59170
4117 59602
4118 59166
4119 59077
4120 60212
4121 58677
4122 59204
4123 59576
4124 59975
4125 59232
4126 59706
4127 58639
4128 59034
4129 58729
4130 58828
4131 59180
4132 59225
4133 59241
4134 57887
4135 57709
4136 59430
4137 59515
4138 58792
4139 59993
4140 60699
4141 59600
4142 59973
4143 59365
4144 59460
4145 59606
4146 58907
4147 195566
4148 56492
4149 56923
4150 55293
4151 55561
4152 54832
4153 56442
4154 55688
4155 55155
4156 56219
4157 55370
4158 55981
4159 56181
4160 55577
4161 56551
4162 55447
4163 56346
4164 54489
4165 55897
4166 56085
4167 55142
4168 56439
4169 63212
4170 56854
4171 57690
4172 55762
4173 57750
4174 57501
4175 57672
4176 57912
4177 57233
4178 56218
4179 57111
4180 58831
4181 59265
4182 57958
4183 56940
4184 59169
4185 59379
4186 58756
4187 58020
4188 58399
4189 58408
4190 59128
4191 58511
4192 380499
4193 59712
4194 58556
4195 59950
4196 58978
4197 59841
4198 59999
4199 60165
4200 60472
4201 59464
4202 59759
4203 62499
4204 59846
4205 60763
4206 59859
4207 59074
4208 60245
4209 59070
4210 61481
4211 58288
4212 58883
4213 57662
4214 59459
4215 247362
4216 56811
4217 57086
4218 57776
4219 56246
4220 56105
4221 57122
4222 57135
4223 56422
4224 56789
4225 56309
4226 55846
4227 56728
4228 56428
4229 57209
4230 56294
4231 56305
4232 55836
4233 56638
4234 55824
4235 55732
4236 57165
4237 55540
4238 56013
4239 59127
4240 58948
4241 59561
4242 58389
4243 59164
4244 58987
4245 57984
4246 58240
4247 58078
4248 59599
4249 60284
4250 58418
4251 58307
4252 58175
4253 75904
4254 58714
4255 58799
4256 59929
4257 59632
4258 59584
4259 58933
4260 59960
4261 58389
4262 58777
4263 57666
4264 59466
4265 59114
4266 59357
4267 59187
4268 57432
4269 58140
4270 58824
4271 57862
4272 61475
4273 60681
4274 56333
4275 57612
4276 58339
4277 58387
4278 58126
4279 58580
4280 58909
4281 58919
4282 59255
4283 234093
4284 58200
4285 57921
4286 58350
4287 58337
4288 59057
4289 59314
4290 59437
4291 60260
4292 60168
4293 60180
4294 59596
4295 60076
4296 60051
4297 59744
4298 59453
4299 60051
4300 59897
4301 61028
4302 60536
4303 60706
4304 60039
4305 73920
4306 60639
4307 60548
4308 60318
4309 60511
4310 59814
4311 59481
4312 58586
4313 60348
4314 59969
4315 60610
4316 61643
4317 61633
4318 58674
4319 58583
4320 59571
4321 60219
4322 60385
4323 61473
4324 62372
4325 61484
4326 60331
4327 63060
4328 59544
4329 60467
4330 61191
4331 60632
4332 61489
4333 61374
4334 60675
4335 61344
4336 60319
4337 60605
4338 59262
4339 60945
4340 61525
4341 60826
4342 59536
4343 60897
4344 61137
4345 60741
4346 60066
4347 59835
4348 69818
4349 62184
4350 197397
4351 60404
4352 60798
4353 60730
4354 61186
4355 61494
4356 60468
4357 60921
4358 60799
4359 60257
4360 61041
4361 62379
4362 61122
4363 62172
4364 60738
4365 61285
4366 60131
4367 62240
4368 60909
4369 62200
4370 59454
4371 60099
4372 198581
4373 60206
4374 61469
4375 59263
4376 59536
4377 59113
4378 58911
4379 59311
4380 59287
4381 59106
4382 59353
4383 59841
4384 61281
4385 58519
4386 60032
4387 58935
4388 61737
4389 59927
4390 60103
4391 62832
4392 66969
4393 59323
4394 189447
4395 59547
4396 60724
4397 61111
4398 60130
4399 60113
4400 60476
4401 61750
4402 61562
4403 62432
4404 62230
4405 62103
4406 60077
4407 61548
4408 61926
4409 61302
4410 60092
4411 61296
4412 59605
4413 61406
4414 58868
4415 60916
4416 217104
4417 60904
4418 60612
4419 59432
4420 59916
4421 58681
4422 59222
4423 58906
4424 59047
4425 58942
4426 58206
4427 59517
4428 59709
4429 58581
4430 58623
4431 60203
4432 60084
4433 60206
4434 59692
4435 61301
4436 61558
4437 60753
4438 228490
4439 60881
4440 60027
4441 61995
4442 60773
4443 59950
4444 59870
4445 60881
4446 60609
4447 63420
4448 62187
4449 62093
4450 61798
4451 64101
4452 61322
4453 61278
4454 60908
4455 64296
4456 60711
4457 62644
4458 60712
4459 61757
4460 268774
4461 58449
4462 61014
4463 60168
4464 61688
4465 62359
4466 62142
4467 61484
4468 61121
4469 61973
4470 61518
4471 62317
4472 62167
4473 61438
4474 60614
4475 61546
4476 58419
4477 57115
4478 58014
4479 61404
4480 80623
4481 66121
4482 285142
4483 62220
4484 81104
4485 62406
4486 62213
4487 61981
4488 62048
4489 61608
4490 62589
4491 64106
4492 62447
4493 62001
4494 103423
4495 62228
4496 61604
4497 62203
4498 61846
4499 62460
4500 62520
4501 63231
4502 62316
4503 62631
4504 65370
4505 61903
4506 63153
4507 64185
4508 64329
4509 64414
4510 64139
4511 65643
4512 64801
4513 63261
4514 63751
4515 64284
4516 64312
4517 64122
4518 64367
4519 64188
4520 63639
4521 64245
4522 64092
4523 65407
4524 64755
4525 64247
4526 63789
4527 63396
4528 64126
4529 64084
4530 63832
4531 64127
4532 64467
4533 64723
4534 64809
4535 64925
4536 64173
4537 64116
4538 64268
4539 64372
4540 64972
4541 63963
4542 63934
4543 64181
4544 66340
4545 64058
4546 65370
4547 65206
4548 63535
4549 59574
4550 63037
4551 63494
4552 63381
4553 61171
4554 63250
4555 64004
4556 64791
4557 63572
4558 64240
4559 63596
4560 64305
4561 63640
4562 62758
4563 63366
4564 63074
4565 64145
4566 63617
4567 64950
4568 62424
4569 209045
4570 61791
4571 61405
4572 61725
4573 60948
4574 60941
4575 61941
4576 63078
4577 63623
4578 63949
4579 62118
4580 61238
4581 61320
4582 60131
4583 68312
4584 70522
4585 69745
4586 70648
4587 66098
4588 66749
4589 70179
4590 70529
4591 69164
4592 70840
4593 70484
4594 70431
4595 67190
4596 67699
4597 66411
4598 68942
4599 68324
4600 67027
4601 64117
4602 67652
4603 66489
4604 65859
4605 99761
4606 127756
4607 65592
4608 237553
4609 69372
4610 69862
4611 69331
4612 96321
4613 69649
4614 70418
4615 69285
4616 66419
4617 67434
4618 68750
4619 71161
4620 70506
4621 69467
4622 70359
4623 69775
4624 69895
4625 69815
4626 235975
4627 70546
4628 69743
4629 69818
4630 69071
4631 70247
4632 68083
4633 67480
4634 66178
4635 68882
4636 69218
4637 68453
4638 66838
4639 69463
4640 68052
4641 69768
4642 69979
4643 68718
4644 213513
4645 68375
4646 68590
4647 67570
4648 65239
4649 66620
4650 67133
4651 66936
4652 65318
4653 65323
4654 66291
4655 67967
4656 68249
4657 67209
4658 68148
4659 69325
4660 68750
4661 68165
4662 214925
4663 68994
4664 67650
4665 68817
4666 70616
4667 69333
4668 69399
4669 68396
4670 67505
4671 67740
4672 67795
4673 67693
4674 69340
4675 67120
4676 69197
4677 68729
4678 68883
4679 70044
4680 202919
4681 68310
4682 68854
4683 67700
4684 68500
4685 70066
4686 68449
4687 68890
4688 68984
4689 68711
4690 70128
4691 67899
4692 68412
4693 67733
4694 66164
4695 68186
4696 69876
4697 67954
4698 215699
4699 68921
4700 69246
4701 69687
4702 69064
4703 69512
4704 69560
4705 70516
4706 69430
4707 67305
4708 69041
4709 69570
4710 67054
4711 69137
4712 69367
4713 70548
4714 67663
4715 66872
4716 206244
4717 69120
4718 66830
4719 67756
4720 70876
4721 68585
4722 69832
4723 69978
4724 67648
4725 71124
4726 68240
4727 68921
4728 69121
4729 69175
4730 68677
4731 70861
4732 137413
4733 70671
4734 222678
4735 69462
4736 70115
4737 69716
4738 70831
4739 67398
4740 70577
4741 69118
4742 70771
4743 71752
4744 69012
4745 68354
4746 69704
4747 70564
4748 67950
4749 69920
4750 67184
4751 68077
4752 222883
4753 82022
4754 68161
4755 69835
4756 71093
4757 71251
4758 72243
4759 72016
4760 71475
4761 86204
4762 70898
4763 71876
4764 70770
4765 70785
4766 70638
4767 70219
4768 70423
4769 70253
4770 293714
4771 71442
4772 71137
4773 72038
4774 72992
4775 70146
4776 70480
4777 69250
4778 72498
4779 71760
4780 69551
4781 70021
4782 69055
4783 69153
4784 70060
4785 69981
4786 69679
4787 69002
4788 69460
4789 69930
4790 69945
4791 70035
4792 72446
4793 69566
4794 70810
4795 71443
4796 70259
4797 70669
4798 69728
4799 66214
4800 68365
4801 67262
4802 69416
4803 68364
4804 69253
4805 70349
4806 66771
4807 66508
4808 66619
4809 66668
4810 66851
4811 64293
4812 66339
4813 67431
4814 96345
4815 65808
4816 67370
4817 66695
4818 67348
4819 67058
4820 67051
4821 66969
4822 67790
4823 231750
4824 67214
4825 66794
4826 67864
4827 65846
4828 66077
4829 66234
4830 66106
4831 65882
4832 66363
4833 65270
4834 67592
4835 67049
4836 68037
4837 65854
4838 92294
4839 114530
4840 68258
4841 68479
4842 70092
4843 69456
4844 70467
4845 70837
4846 72925
4847 67099
4848 67386
4849 67131
4850 69958
4851 68887
4852 66669
4853 65561
4854 67267
4855 67944
4856 70412
4857 68768
4858 71434
4859 69753
4860 69678
4861 69410
4862 70000
4863 71033
4864 68676
4865 68837
4866 69428
4867 69032
4868 70505
4869 68878
4870 69253
4871 72546
4872 69943
4873 69273
4874 67694
4875 72790
4876 226330
4877 67076
4878 67348
4879 67312
4880 67492
4881 66317
4882 66336
4883 66913
4884 67536
4885 87421
4886 67679
4887 66580
4888 67503
4889 66903
4890 68173
4891 67053
4892 67598
4893 68533
4894 68396
4895 68803
4896 98984
4897 68605
4898 70510
4899 71799
4900 71689
4901 69921
4902 70367
4903 72201
4904 70701
4905 68601
4906 68201
4907 69616
4908 68648
4909 71397
4910 72113
4911 71407
4912 69728
4913 72663
4914 71721
4915 70281
4916 71326
4917 70538
4918 71686
4919 70393
4920 69527
4921 69406
4922 70710
4923 70566
4924 71948
4925 70959
4926 69991
4927 71664
4928 73098
4929 219787
4930 68227
4931 69940
4932 69591
4933 96298
4934 67526
4935 69026
4936 69498
4937 70257
4938 70241
4939 67154
4940 65784
4941 69298
4942 68293
4943 68294
4944 67326
4945 67878
4946 69526
4947 68143
4948 68322
4949 66975
4950 69176
4951 68524
4952 66856
4953 69066
4954 68020
4955 67435
4956 69092
4957 67543
4958 69149
4959 68212
4960 67446
4961 67528
4962 69219
4963 69176
4964 225892
4965 71316
4966 72049
4967 70892
4968 71244
4969 72435
4970 70451
4971 70673
4972 71032
4973 72131
4974 69698
4975 68607
4976 70850
4977 68703
4978 70310
4979 71947
4980 73117
4981 71829
4982 69505
4983 67727
4984 68892
4985 68593
4986 67979
4987 69002
4988 68128
4989 68423
4990 85776
4991 68778
4992 68364
4993 68009
4994 68364
4995 68524
4996 69617
4997 68790
4998 74056
4999 219095
