1 50297
2 7971
3 6005
4 17009
5 10474
6 10099
7 4771
8 7985
9 6579
10 54940
11 12991
12 8211
13 7564
14 5196
15 6611
16 5515
17 5438
18 10090
19 13102
20 9081
21 12908
22 9984
23 7137
24 8900
25 8807
26 10362
27 10203
28 13658
29 11612
30 9336
31 12039
32 12715
33 11236
34 14209
35 13522
36 10991
37 12908
38 11360
39 11634
40 12519
41 14909
42 16513
43 20621
44 17797
45 17660
46 20365
47 20327
48 30067
49 18364
50 23136
51 24672
52 19588
53 15835
54 18528
55 18107
56 20620
57 17675
58 24028
59 20514
60 21907
61 18496
62 19903
63 20038
64 19721
65 20483
66 27042
67 24500
68 32326
69 25806
70 24846
71 26928
72 24134
73 28163
74 25853
75 24633
76 28327
77 24206
78 23545
79 24090
80 24723
81 32483
82 31217
83 33340
84 269021
85 27252
86 22996
87 22930
88 27106
89 23483
90 44908
91 40948
92 36137
93 28378
94 30416
95 36708
96 33741
97 31246
98 32510
99 43187
100 40468
101 31339
102 42718
103 33543
104 33187
105 38137
106 32643
107 32120
108 37021
109 36638
110 40788
111 42383
112 38724
113 41446
114 34290
115 37800
116 37719
117 41601
118 384531
119 38491
120 64101
121 31013
122 30843
123 34627
124 28766
125 27677
126 36299
127 26746
128 32985
129 32922
130 29289
131 32733
132 37328
133 31641
134 32184
135 49366
136 32096
137 33521
138 29229
139 30575
140 31477
141 32996
142 31446
143 33087
144 31165
145 32656
146 32492
147 31828
148 34683
149 35182
150 30915
151 32718
152 33630
153 39117
154 35384
155 34441
156 39424
157 42009
158 35820
159 40229
160 35338
161 40298
162 36219
163 34553
164 35686
165 134386
166 38761
167 42396
168 43867
169 39068
170 38490
171 42807
172 35294
173 41683
174 41470
175 39876
176 36568
177 39348
178 40524
179 37283
180 38706
181 42767
182 50242
183 45648
184 42350
185 38853
186 47694
187 47967
188 40628
189 42534
190 47109
191 49299
192 43212
193 50271
194 45339
195 44626
196 45808
197 43630
198 147127
199 45174
200 50567
201 44759
202 44195
203 44315
204 46489
205 45927
206 46403
207 49222
208 47797
209 46103
210 47918
211 44984
212 45343
213 46937
214 50284
215 44198
216 50279
217 44901
218 46984
219 47163
220 56540
221 48097
222 50184
223 52212
224 50615
225 48995
226 49805
227 49093
228 132607
229 50107
230 46975
231 50344
232 52136
233 49375
234 52015
235 54878
236 52054
237 55120
238 54280
239 51401
240 54992
241 52194
242 54171
243 53499
244 52198
245 57486
246 53127
247 52901
248 52542
249 63743
250 57359
251 55887
252 53892
253 57655
254 65484
255 72230
256 54810
257 51035
258 76418
259 66201
260 59136
261 60944
262 54547
263 64064
264 57409
265 57720
266 57901
267 62910
268 49786
269 49065
270 48891
271 64159
272 66454
273 63095
274 62859
275 59168
276 60581
277 65586
278 65453
279 68830
280 65629
281 60183
282 72732
283 68472
284 66290
285 60171
286 60281
287 64052
288 67884
289 62814
290 63249
291 69018
292 63812
293 64940
294 67702
295 74664
296 63240
297 66992
298 68986
299 68649
300 65173
301 68302
302 69917
303 165097
304 71336
305 71462
306 65201
307 67724
308 71479
309 70474
310 70174
311 73211
312 68552
313 72149
314 70075
315 67169
316 79767
317 91154
318 70618
319 72286
320 77629
321 80488
322 72116
323 68610
324 81087
325 73796
326 164776
327 75122
328 75981
329 75720
330 81837
331 75782
332 82387
333 71887
334 77632
335 81634
336 75688
337 70963
338 72628
339 80371
340 79498
341 81373
342 75869
343 73970
344 79620
345 73457
346 77852
347 74615
348 76841
349 71017
350 80358
351 75745
352 75766
353 79854
354 80579
355 79837
356 82941
357 82160
358 79910
359 74822
360 85773
361 77030
362 79235
363 142976
364 86226
365 64313
366 63447
367 64067
368 63756
369 81687
370 65991
371 66297
372 65036
373 66124
374 65513
375 66048
376 66338
377 66420
378 69001
379 139822
380 67558
381 66821
382 66994
383 67159
384 66819
385 67507
386 68119
387 67235
388 67513
389 76621
390 70370
391 68185
392 68520
393 68838
394 138565
395 69464
396 71563
397 70065
398 70931
399 69890
400 70056
401 69887
402 70104
403 69692
404 81682
405 71657
406 70958
407 71534
408 71483
409 144984
410 73034
411 72818
412 72061
413 72325
414 72727
415 71992
416 73466
417 72871
418 72464
419 72394
420 73166
421 73430
422 74287
423 75568
424 147358
425 75495
426 74791
427 75265
428 74068
429 74700
430 74857
431 81347
432 76424
433 76599
434 75973
435 76103
436 76682
437 76745
438 150996
439 76706
440 77315
441 77320
442 77033
443 77073
444 77412
445 78234
446 77072
447 77716
448 78792
449 79092
450 79163
451 78305
452 144051
453 79713
454 80278
455 79498
456 81455
457 81739
458 80586
459 81630
460 81649
461 81931
462 81974
463 81202
464 88193
465 83005
466 148601
467 83193
468 82491
469 83271
470 82202
471 83664
472 83592
473 83726
474 83818
475 83557
476 85582
477 84370
478 83247
479 85158
480 148755
481 86234
482 85683
483 86240
484 86332
485 86118
486 86379
487 86880
488 86595
489 89085
490 87205
491 88176
492 87965
493 88566
494 164476
495 97056
496 88608
497 89039
498 88231
499 88826
500 90259
501 90770
502 89431
503 96666
504 90581
505 90403
506 143708
507 154832
508 164356
509 148520
510 151161
511 160881
512 163237
513 168244
514 161091
515 97443
516 98844
517 145210
518 140953
519 101084
520 99501
521 99384
522 172127
523 167798
524 133938
525 103894
526 103055
527 100129
528 102625
529 99001
530 105997
531 105792
532 102699
533 100389
534 115242
535 365936
536 104642
537 103157
538 103813
539 98682
540 100048
541 99682
542 135602
543 135629
544 118134
545 117654
546 119178
547 124319
548 242478
549 125755
550 132519
551 139031
552 138749
553 133542
554 126306
555 139192
556 118043
557 132169
558 120493
559 124903
560 137326
561 223865
562 127018
563 130830
564 139481
565 128464
566 130203
567 139546
568 140388
569 123870
570 148024
571 143419
572 124099
573 126677
574 141475
575 145410
576 146760
577 136892
578 145434
579 134662
580 126872
581 137828
582 138604
583 143095
584 137960
585 207080
586 170344
587 134961
588 135387
589 132997
590 133517
591 145525
592 152524
593 154966
594 158301
595 152630
596 152682
597 112424
598 143196
599 142174
600 132346
601 133756
602 143821
603 147679
604 144570
605 143333
606 135882
607 139331
608 219072
609 136406
610 145687
611 137286
612 142430
613 156403
614 163029
615 160397
616 163050
617 152594
618 152306
619 224029
620 140515
621 150510
622 154072
623 139082
624 138425
625 153415
626 150342
627 135657
628 136045
629 148045
630 205282
631 144606
632 146519
633 141640
634 148842
635 155156
636 139530
637 134291
638 148866
639 137848
640 144814
641 219588
642 142212
643 135383
644 139602
645 138538
646 141356
647 140015
648 153477
649 147013
650 155273
651 162360
652 349535
653 163310
654 162740
655 147147
656 152162
657 153430
658 151522
659 155312
660 153586
661 147496
662 168035
663 162398
664 169934
665 178269
666 158730
667 172861
668 168320
669 189014
670 193879
671 181564
672 177739
673 188938
674 177363
675 172343
676 175485
677 178609
678 135893
679 191267
680 179886
681 157561
682 165656
683 193622
684 168339
685 192404
686 189057
687 192148
688 193779
689 172313
690 184477
691 248547
692 152310
693 148258
694 153236
695 158191
696 151858
697 141775
698 154381
699 139296
700 162705
701 163839
702 124868
703 167068
704 152903
705 139240
706 264809
707 155916
708 160584
709 169487
710 154249
711 160075
712 158785
713 151194
714 167055
715 179409
716 162320
717 161609
718 150114
719 159623
720 155084
721 208226
722 127624
723 126202
724 127895
725 127006
726 127649
727 126040
728 132034
729 128533
730 128806
731 127049
732 128562
733 129043
734 127973
735 133283
736 203539
737 130456
738 129801
739 129306
740 129821
741 129656
742 129570
743 134914
744 130355
745 133488
746 130133
747 131883
748 129749
749 132309
750 132551
751 201510
752 130995
753 131700
754 131426
755 133168
756 132271
757 133171
758 137508
759 133634
760 133557
761 135806
762 133084
763 134313
764 134132
765 133402
766 134496
767 203762
768 135112
769 136226
770 135045
771 135403
772 136886
773 140528
774 136120
775 136386
776 135918
777 139613
778 135719
779 137931
780 136545
781 138324
782 137920
783 209828
784 139497
785 137855
786 139449
787 138805
788 139176
789 138202
790 139908
791 139275
792 139489
793 144764
794 140659
795 142461
796 138874
797 141765
798 140705
799 212065
800 142964
801 141359
802 142173
803 141409
804 143378
805 142984
806 144783
807 147482
808 147531
809 149217
810 150537
811 148989
812 146880
813 145395
814 145461
815 151636
816 146266
817 147958
818 146606
819 145262
820 145374
821 147583
822 146033
823 157377
824 156038
825 155745
826 154569
827 152463
828 154363
829 147399
830 148835
831 261348
832 253551
833 252943
834 253918
835 162582
836 199688
837 190259
838 189152
839 183314
840 197386
841 181494
842 196116
843 189223
844 186065
845 182802
846 354430
847 197404
848 199327
849 203237
850 200875
851 181040
852 185855
853 182619
854 190549
855 198638
856 202648
857 211494
858 180368
859 183751
860 193729
861 351913
862 195007
863 187054
864 194568
865 189384
866 203953
867 201328
868 195473
869 194501
870 192204
871 190783
872 213858
873 211733
874 219008
875 219518
876 189171
877 197537
878 199143
879 205360
880 189150
881 209346
882 190782
883 206360
884 201635
885 226755
886 248631
887 227662
888 240396
889 221220
890 303279
891 214514
892 202093
893 199550
894 201095
895 194945
896 193359
897 194327
898 202956
899 201230
900 201400
901 186112
902 198475
903 287312
904 208904
905 213115
906 223219
907 195424
908 200809
909 217780
910 213160
911 198938
912 196772
913 214857
914 216593
915 193878
916 313817
917 201736
918 225236
919 234622
920 213443
921 193741
922 199773
923 202843
924 219480
925 209737
926 209321
927 217923
928 220030
929 364351
930 169809
931 167111
932 167854
933 166942
934 167610
935 168441
936 167894
937 234479
938 234943
939 233984
940 225809
941 229937
942 333155
943 235047
944 232715
945 230651
946 226632
947 207445
948 206464
949 220889
950 209129
951 202869
952 214070
953 211303
954 201296
955 305311
956 216934
957 206029
958 213534
959 204209
960 200078
961 212803
962 207969
963 223012
964 201855
965 216296
966 226332
967 173434
968 246797
969 175076
970 174314
971 173334
972 172521
973 174632
974 175086
975 174764
976 174813
977 175421
978 176636
979 176005
980 174786
981 250401
982 179261
983 177303
984 176157
985 176433
986 176786
987 179795
988 177666
989 178364
990 177664
991 179015
992 180041
993 178663
994 248333
995 178970
996 179950
997 178697
998 179241
999 178340
1000 179078
1001 180469
1002 181187
1003 180069
1004 180768
1005 181117
1006 181000
1007 255874
1008 180624
1009 181129
1010 181528
1011 183512
1012 181018
1013 182546
1014 184590
1015 181989
1016 183113
1017 182123
1018 182941
1019 184617
1020 266083
1021 185948
1022 184416
1023 185066
1024 184215
1025 187844
1026 186123
1027 187411
1028 187849
1029 202708
1030 191312
1031 196304
1032 197491
1033 543077
1034 198466
1035 193712
1036 195277
1037 196843
1038 207220
1039 195609
1040 194848
1041 194946
1042 192158
1043 190665
1044 193611
1045 192992
1046 197751
1047 194544
1048 201593
1049 192390
1050 194221
1051 191463
1052 191301
1053 193747
1054 191692
1055 195047
1056 193546
1057 192682
1058 347657
1059 199830
1060 195881
1061 207369
1062 199577
1063 198494
1064 197492
1065 196303
1066 197365
1067 278902
1068 287413
1069 275631
1070 274508
1071 249729
1072 202470
1073 211469
1074 201832
1075 202252
1076 228217
1077 235686
1078 201590
1079 202953
1080 199176
1081 201993
1082 197702
1083 343481
1084 199740
1085 207492
1086 199774
1087 198892
1088 198396
1089 197733
1090 199431
1091 199606
1092 199460
1093 200642
1094 204407
1095 437642
1096 217985
1097 240897
1098 241371
1099 229281
1100 233493
1101 233349
1102 235505
1103 235072
1104 209522
1105 207247
1106 207598
1107 479220
1108 214887
1109 215828
1110 214504
1111 237309
1112 242823
1113 213882
1114 208710
1115 209627
1116 208822
1117 210848
1118 208412
1119 428613
1120 209145
1121 218685
1122 207726
1123 206356
1124 207915
1125 213973
1126 207540
1127 206366
1128 208432
1129 208807
1130 207543
1131 307470
1132 210932
1133 209963
1134 209282
1135 218434
1136 212728
1137 213625
1138 210236
1139 209779
1140 270062
1141 302467
1142 301708
1143 535341
1144 229424
1145 210483
1146 209803
1147 219663
1148 210747
1149 210266
1150 211964
1151 211316
1152 212409
1153 212611
1154 213030
1155 295366
1156 213765
1157 213138
1158 214369
1159 216296
1160 211413
1161 214751
1162 213502
1163 212025
1164 227774
1165 213673
1166 220897
1167 286096
1168 216795
1169 223175
1170 293422
1171 222289
1172 219021
1173 217243
1174 219141
1175 264653
1176 216813
1177 218757
1178 218003
1179 303043
1180 218401
1181 216974
1182 216304
1183 217378
1184 222565
1185 221280
1186 216670
1187 218000
1188 219672
1189 217488
1190 218609
1191 290949
1192 218876
1193 225023
1194 219040
1195 221023
1196 218288
1197 219082
1198 220073
1199 220911
1200 223066
1201 220557
1202 226829
1203 294955
1204 221858
1205 221285
1206 222679
1207 221910
1208 221861
1209 223841
1210 223614
1211 228527
1212 224825
1213 222343
1214 222043
1215 293284
1216 222583
1217 222224
1218 225102
1219 223329
1220 228908
1221 228058
1222 223840
1223 224666
1224 224691
1225 225367
1226 225515
1227 298409
1228 227890
1229 226500
1230 225231
1231 225349
1232 227036
1233 228020
1234 225161
1235 226786
1236 229408
1237 227150
1238 228576
1239 297938
1240 228066
1241 228714
1242 237115
1243 229031
1244 228781
1245 243800
1246 233648
1247 230751
1248 227844
1249 230344
1250 230241
1251 233535
1252 228960
1253 230797
1254 229734
1255 236058
1256 230924
1257 229824
1258 231801
1259 230782
1260 231814
1261 235064
1262 311098
1263 232151
1264 236377
1265 231447
1266 235804
1267 234209
1268 234126
1269 233432
1270 235053
1271 236457
1272 239566
1273 234666
1274 238679
1275 247917
1276 235810
1277 235794
1278 235093
1279 237910
1280 235948
1281 237853
1282 238159
1283 236270
1284 236589
1285 311518
1286 238837
1287 237680
1288 236679
1289 239224
1290 237977
1291 238478
1292 238930
1293 239623
1294 241303
1295 239703
1296 240241
1297 248173
1298 241308
1299 240260
1300 240107
1301 240033
1302 240210
1303 239894
1304 240366
1305 245313
1306 240072
1307 242344
1308 355181
1309 242459
1310 242810
1311 242203
1312 242495
1313 243416
1314 242984
1315 243883
1316 244484
1317 243059
1318 245050
1319 245691
1320 328662
1321 258059
1322 246444
1323 248965
1324 254624
1325 262704
1326 256894
1327 254681
1328 256426
1329 264027
1330 247893
1331 350706
1332 248006
1333 247820
1334 246962
1335 249607
1336 249811
1337 258087
1338 249797
1339 248910
1340 267920
1341 251224
1342 252127
1343 249620
1344 250144
1345 250007
1346 250646
1347 250513
1348 251236
1349 254051
1350 251961
1351 250414
1352 324501
1353 254283
1354 255800
1355 253067
1356 254236
1357 253431
1358 252299
1359 254740
1360 253821
1361 255183
1362 339800
1363 260143
1364 255903
1365 276021
1366 238912
1367 236600
1368 241689
1369 239937
1370 305863
1371 239681
1372 240582
1373 239001
1374 240012
1375 239401
1376 240209
1377 241237
1378 310424
1379 240859
1380 242569
1381 238674
1382 239695
1383 240441
1384 244476
1385 242128
1386 307894
1387 242410
1388 240664
1389 241507
1390 241178
1391 243454
1392 245963
1393 242838
1394 316778
1395 243145
1396 242306
1397 243860
1398 243992
1399 245544
1400 253535
1401 246164
1402 245962
1403 244046
1404 243299
1405 244690
1406 244965
1407 244156
1408 248892
1409 245116
1410 246353
1411 246966
1412 244612
1413 245278
1414 247581
1415 246632
1416 246542
1417 247599
1418 249063
1419 246089
1420 246696
1421 247722
1422 246789
1423 248526
1424 249413
1425 250352
1426 252323
1427 248554
1428 249080
1429 249192
1430 249487
1431 251904
1432 250261
1433 249946
1434 292115
1435 293066
1436 292608
1437 293208
1438 291779
1439 288617
1440 287845
1441 290592
1442 254732
1443 252620
1444 251449
1445 256183
1446 253254
1447 253022
1448 252341
1449 252671
1450 290433
1451 289285
1452 291878
1453 291605
1454 289720
1455 295429
1456 297413
1457 296565
1458 256343
1459 259303
1460 253784
1461 254347
1462 254613
1463 253474
1464 255504
1465 254330
1466 254220
1467 256388
1468 256171
1469 254653
1470 256173
1471 255211
1472 255275
1473 257250
1474 261881
1475 255681
1476 259178
1477 258014
1478 259393
1479 257511
1480 258589
1481 256485
1482 259473
1483 256728
1484 257784
1485 257349
1486 261420
1487 257710
1488 260344
1489 259141
1490 263369
1491 260354
1492 262372
1493 260721
1494 259067
1495 261621
1496 263418
1497 262805
1498 261414
1499 261521
1500 249130
1501 249994
1502 251168
1503 251116
1504 255755
1505 331299
1506 253569
1507 251041
1508 252475
1509 252483
1510 254473
1511 252091
1512 253585
1513 253177
1514 254130
1515 253033
1516 253396
1517 252934
1518 253798
1519 253732
1520 253790
1521 255509
1522 254873
1523 255678
1524 253278
1525 255700
1526 254001
1527 256749
1528 253843
1529 256267
1530 415669
1531 260969
1532 321620
1533 263698
1534 275574
1535 264472
1536 267154
1537 270526
1538 264939
1539 261802
1540 264576
1541 262246
1542 263354
1543 262211
1544 258870
1545 261490
1546 258229
1547 261059
1548 292575
1549 262643
1550 266533
1551 262150
1552 262088
1553 265071
1554 262916
1555 435949
1556 450627
1557 502869
1558 381044
1559 381214
1560 262255
1561 273583
1562 273696
1563 328266
1564 280779
1565 287991
1566 295430
1567 317800
1568 402096
1569 265495
1570 263510
1571 264717
1572 267549
1573 317571
1574 266182
1575 265728
1576 268183
1577 266539
1578 268663
1579 268230
1580 289901
1581 267085
1582 268868
1583 267086
1584 270861
1585 267193
1586 268775
1587 306641
1588 267893
1589 266880
1590 267810
1591 266039
1592 270820
1593 269412
1594 268788
1595 268690
1596 267589
1597 268545
1598 267150
1599 266934
1600 270607
1601 278982
1602 268488
1603 271297
1604 269265
1605 268559
1606 268836
1607 283560
1608 268843
1609 272410
1610 270704
1611 271742
1612 270074
1613 273746
1614 272027
1615 411111
1616 272652
1617 271460
1618 272440
1619 272323
1620 273785
1621 274002
1622 278209
1623 273557
1624 272504
1625 274892
1626 273531
1627 272973
1628 272220
1629 273173
1630 273452
1631 278074
1632 274711
1633 273201
1634 275325
1635 276678
1636 332362
1637 274586
1638 276283
1639 334762
1640 286077
1641 277283
1642 277379
1643 336184
1644 293741
1645 355124
1646 422383
1647 279461
1648 286529
1649 288519
1650 371340
1651 294205
1652 306339
1653 298413
1654 314094
1655 317552
1656 281909
1657 280780
1658 281120
1659 281014
1660 281314
1661 395507
1662 281691
1663 281610
1664 282795
1665 283467
1666 282214
1667 284700
1668 281501
1669 282805
1670 329477
1671 288816
1672 293325
1673 289755
1674 287645
1675 296485
1676 381730
1677 292513
1678 298511
1679 290908
1680 291767
1681 356783
1682 289769
1683 291949
1684 290130
1685 300895
1686 291583
1687 292894
1688 293738
1689 311755
1690 293227
1691 390144
1692 294027
1693 292456
1694 341174
1695 294591
1696 303951
1697 294402
1698 352258
1699 293606
1700 293362
1701 293282
1702 295053
1703 306115
1704 294939
1705 296676
1706 384983
1707 299254
1708 294189
1709 295185
1710 303532
1711 296389
1712 296615
1713 301186
1714 296774
1715 296147
1716 297185
1717 297541
1718 309819
1719 297138
1720 297152
1721 400357
1722 297973
1723 298749
1724 298117
1725 297477
1726 305466
1727 300048
1728 297189
1729 297685
1730 297738
1731 298534
1732 300361
1733 299201
1734 299559
1735 299526
1736 391744
1737 300609
1738 301348
1739 305116
1740 298759
1741 296930
1742 299030
1743 302145
1744 300277
1745 303859
1746 301645
1747 302081
1748 303099
1749 303978
1750 301716
1751 379636
1752 302999
1753 303193
1754 301922
1755 303155
1756 303120
1757 302145
1758 305726
1759 305497
1760 301365
1761 303247
1762 305444
1763 304547
1764 306130
1765 302053
1766 386416
1767 304753
1768 305231
1769 303545
1770 303430
1771 304951
1772 305392
1773 306766
1774 307095
1775 305031
1776 309291
1777 308121
1778 306254
1779 304656
1780 385067
1781 309095
1782 306565
1783 310986
1784 306849
1785 304951
1786 307586
1787 309661
1788 306512
1789 312207
1790 308886
1791 309535
1792 309060
1793 309936
1794 305976
1795 314459
1796 309413
1797 314668
1798 308258
1799 307181
1800 306932
1801 308788
1802 310895
1803 309950
1804 310154
1805 310098
1806 313499
1807 311244
1808 311716
1809 388021
1810 312753
1811 311858
1812 312427
1813 311437
1814 311633
1815 314408
1816 311528
1817 311915
1818 312956
1819 311273
1820 314372
1821 313004
1822 315257
1823 314243
1824 317586
1825 316570
1826 318854
1827 313691
1828 324065
1829 310872
1830 309587
1831 312480
1832 310628
1833 309278
1834 310957
1835 309422
1836 307918
1837 309719
1838 422393
1839 310937
1840 310812
1841 309396
1842 310280
1843 310449
1844 310250
1845 311395
1846 310909
1847 313072
1848 311162
1849 311724
1850 311855
1851 312421
1852 393666
1853 316868
1854 312532
1855 314124
1856 311702
1857 317070
1858 312995
1859 314024
1860 320747
1861 313753
1862 313307
1863 317887
1864 315864
1865 317143
1866 440213
1867 317264
1868 322646
1869 315841
1870 317554
1871 316173
1872 317282
1873 316721
1874 319874
1875 317367
1876 318156
1877 319186
1878 316545
1879 316644
1880 437038
1881 318295
1882 317305
1883 318569
1884 322119
1885 318972
1886 366982
1887 317588
1888 319247
1889 320336
1890 317013
1891 321032
1892 323257
1893 319739
1894 402703
1895 320094
1896 322205
1897 322302
1898 324161
1899 321416
1900 320712
1901 322318
1902 321011
1903 320285
1904 321755
1905 322931
1906 320951
1907 323800
1908 441618
1909 323610
1910 324114
1911 322357
1912 324097
1913 324198
1914 322478
1915 324605
1916 324004
1917 324775
1918 324824
1919 324193
1920 323398
1921 327435
1922 407422
1923 328176
1924 324936
1925 329017
1926 325495
1927 334355
1928 325094
1929 326888
1930 326369
1931 327762
1932 325665
1933 369440
1934 328579
1935 327697
1936 540693
1937 327847
1938 328388
1939 328224
1940 389738
1941 329700
1942 328127
1943 333276
1944 364430
1945 332299
1946 331302
1947 330175
1948 333505
1949 332682
1950 463025
1951 331917
1952 332892
1953 333903
1954 332142
1955 331979
1956 332622
1957 332765
1958 333341
1959 331994
1960 332894
1961 338315
1962 334287
1963 334619
1964 425150
1965 336469
1966 333442
1967 333211
1968 332580
1969 335915
1970 333578
1971 337936
1972 339774
1973 338079
1974 347900
1975 330697
1976 329083
1977 447811
1978 393160
1979 328835
1980 326543
1981 331172
1982 329563
1983 329429
1984 329358
1985 328615
1986 331718
1987 331460
1988 329401
1989 330645
1990 439981
1991 330382
1992 332354
1993 330931
1994 332044
1995 364791
1996 330606
1997 330253
1998 331821
1999 333873
2000 332228
2001 334276
2002 332087
2003 436384
2004 332910
2005 331879
2006 334714
2007 333992
2008 333585
2009 337382
2010 333409
2011 333303
2012 334841
2013 336626
2014 334899
2015 336371
2016 443340
2017 334582
2018 336804
2019 337188
2020 342220
2021 337044
2022 335128
2023 342825
2024 339663
2025 334595
2026 336933
2027 340079
2028 335271
2029 443802
2030 338921
2031 340926
2032 339277
2033 340582
2034 343404
2035 343833
2036 339389
2037 341661
2038 340454
2039 342143
2040 343963
2041 532623
2042 342227
2043 344135
2044 343123
2045 345387
2046 340586
2047 342492
2048 343050
2049 343868
2050 343240
2051 345973
2052 343147
2053 445976
2054 345069
2055 343774
2056 343048
2057 347044
2058 346843
2059 345027
2060 344265
2061 343220
2062 377633
2063 344720
2064 345914
2065 452946
2066 344784
2067 344585
2068 344999
2069 344550
2070 345551
2071 344517
2072 344996
2073 352017
2074 346765
2075 347421
2076 346522
2077 450355
2078 346418
2079 347053
2080 350419
2081 350475
2082 351076
2083 351140
2084 352507
2085 347961
2086 353584
2087 348348
2088 438072
2089 494882
2090 359972
2091 380824
2092 368704
2093 368961
2094 438586
2095 391183
2096 374534
2097 373090
2098 354104
2099 406637
2100 354713
2101 503347
2102 354495
2103 356722
2104 354949
2105 356564
2106 358830
2107 375046
2108 355473
2109 360376
2110 359148
2111 433230
2112 357537
2113 560637
2114 356955
2115 355489
2116 356308
2117 357305
2118 355590
2119 356191
2120 359086
2121 387860
2122 358114
2123 358873
2124 358854
2125 506687
2126 359802
2127 359194
2128 359479
2129 359109
2130 406533
2131 360675
2132 359336
2133 387004
2134 361270
2135 363618
2136 395630
2137 471204
2138 359424
2139 358884
2140 358750
2141 392765
2142 356287
2143 359112
2144 360250
2145 359881
2146 396308
2147 366491
2148 360330
2149 484607
2150 362428
2151 400278
2152 361803
2153 361620
2154 362346
2155 361885
2156 362167
2157 362258
2158 360507
2159 364443
2160 392359
2161 471690
2162 365606
2163 361825
2164 395138
2165 364284
2166 363207
2167 364346
2168 363792
2169 363790
2170 364230
2171 366306
2172 395501
2173 472859
2174 366595
2175 453145
2176 364466
2177 415539
2178 381729
2179 366273
2180 395089
2181 367634
2182 417224
2183 367663
2184 368393
2185 492003
2186 370071
2187 400163
2188 368991
2189 369898
2190 368620
2191 367198
2192 366103
2193 368508
2194 369857
2195 370419
2196 399244
2197 473802
2198 369238
2199 372047
2200 370006
2201 399098
2202 370576
2203 370113
2204 372190
2205 372974
2206 371271
2207 370985
2208 373433
2209 481173
2210 400995
2211 374454
2212 370914
2213 372692
2214 375767
2215 373320
2216 373385
2217 385447
2218 372302
2219 373955
2220 373855
2221 480916
2222 373874
2223 375493
2224 373875
2225 376781
2226 377596
2227 374985
2228 402884
2229 378964
2230 373750
2231 375519
2232 377548
2233 575816
2234 376904
2235 376789
2236 405781
2237 378414
2238 377865
2239 377948
2240 386853
2241 386231
2242 388539
2243 387274
2244 387910
2245 461184
2246 386910
2247 387440
2248 388381
2249 388542
2250 389134
2251 385925
2252 391950
2253 388966
2254 387133
2255 387743
2256 390196
2257 470504
2258 429166
2259 402023
2260 454227
2261 419586
2262 462830
2263 433095
2264 404185
2265 406117
2266 415403
2267 414794
2268 506362
2269 601258
2270 526489
2271 466172
2272 418649
2273 462421
2274 407828
2275 458220
2276 399496
2277 396330
2278 424886
2279 442034
2280 401254
2281 525847
2282 402533
2283 397225
2284 442558
2285 400632
2286 404919
2287 400420
2288 400357
2289 449560
2290 397377
2291 402832
2292 532696
2293 398047
2294 399985
2295 396795
2296 401861
2297 399606
2298 431204
2299 399929
2300 400463
2301 401964
2302 402575
2303 444008
2304 485694
2305 399813
2306 403738
2307 404535
2308 402630
2309 403869
2310 398622
2311 400440
2312 402829
2313 464121
2314 401579
2315 529401
2316 402125
2317 464268
2318 402789
2319 404722
2320 399680
2321 403856
2322 458752
2323 403165
2324 404384
2325 403311
2326 567261
2327 653865
2328 407657
2329 408544
2330 403983
2331 408183
2332 409494
2333 406776
2334 406454
2335 437398
2336 407280
2337 537347
2338 407402
2339 406883
2340 452258
2341 406992
2342 407520
2343 410266
2344 409945
2345 408585
2346 409335
2347 411210
2348 493259
2349 463774
2350 409563
2351 408005
2352 411084
2353 411706
2354 433700
2355 411601
2356 427346
2357 427191
2358 428887
2359 510077
2360 427237
2361 428134
2362 427426
2363 429160
2364 425933
2365 429187
2366 432966
2367 432578
2368 430683
2369 428201
2370 515375
2371 430503
2372 430455
2373 429892
2374 434645
2375 430242
2376 437755
2377 429377
2378 429153
2379 432877
2380 431550
2381 743812
2382 790063
2383 792383
2384 791532
2385 652360
2386 439574
2387 429925
2388 432267
2389 428446
2390 433701
2391 430529
2392 473482
2393 476385
2394 475897
2395 478766
2396 478226
2397 478445
2398 477901
2399 477205
2400 476979
2401 473436
2402 574631
2403 434027
2404 435319
2405 433886
2406 435181
2407 438972
2408 435372
2409 437482
2410 437848
2411 437658
2412 437512
2413 480037
2414 478722
2415 475983
2416 479524
2417 488802
2418 480471
2419 490815
2420 481765
2421 477042
2422 475131
2423 613420
2424 444999
2425 442582
2426 440070
2427 439573
2428 446438
2429 441055
2430 442664
2431 442650
2432 443417
2433 441851
2434 443604
2435 442909
2436 444005
2437 444571
2438 446602
2439 444378
2440 445210
2441 447139
2442 442254
2443 444376
2444 609530
2445 446995
2446 443804
2447 444084
2448 449035
2449 447388
2450 445417
2451 446290
2452 446822
2453 446400
2454 449645
2455 446705
2456 444209
2457 452671
2458 444166
2459 451595
2460 430165
2461 422081
2462 414745
2463 422488
2464 417496
2465 612701
2466 419371
2467 423709
2468 422025
2469 419933
2470 421349
2471 420696
2472 422600
2473 450742
2474 419671
2475 421205
2476 426471
2477 422588
2478 424218
2479 430286
2480 427390
2481 435755
2482 425512
2483 421837
2484 427926
2485 420822
2486 555323
2487 424288
2488 424350
2489 422289
2490 488732
2491 425926
2492 426389
2493 423915
2494 445289
2495 425839
2496 423847
2497 431484
2498 422253
2499 430110
2500 423314
2501 425349
2502 424293
2503 425746
2504 425389
2505 424953
2506 424801
2507 580764
2508 425714
2509 424695
2510 427534
2511 427081
2512 430733
2513 429266
2514 428390
2515 425594
2516 430564
2517 429170
2518 426957
2519 428099
2520 461020
2521 432985
2522 429984
2523 429927
2524 429367
2525 432109
2526 428765
2527 432797
2528 556065
2529 431315
2530 432806
2531 432215
2532 431508
2533 433884
2534 432324
2535 430495
2536 430804
2537 433467
2538 433391
2539 430061
2540 431961
2541 429737
2542 431857
2543 433805
2544 434920
2545 429690
2546 435226
2547 433028
2548 433618
2549 587825
2550 436486
2551 435279
2552 470708
2553 435462
2554 440039
2555 435398
2556 440117
2557 437275
2558 436646
2559 438197
2560 436268
2561 439590
2562 438795
2563 441041
2564 439705
2565 470642
2566 436173
2567 439642
2568 441015
2569 439421
2570 566837
2571 439270
2572 438823
2573 439531
2574 442211
2575 439210
2576 438411
2577 438914
2578 441614
2579 440164
2580 440647
2581 445050
2582 440041
2583 442831
2584 439352
2585 441271
2586 441149
2587 447744
2588 441828
2589 443304
2590 443161
2591 626954
2592 444552
2593 442575
2594 444871
2595 475533
2596 446160
2597 445832
2598 446060
2599 444679
2600 446508
2601 446644
2602 447500
2603 444803
2604 478447
2605 448377
2606 448255
2607 450136
2608 447686
2609 447645
2610 449902
2611 447971
2612 571702
2613 449453
2614 443868
2615 446555
2616 447714
2617 446888
2618 446143
2619 475277
2620 446834
2621 451367
2622 450306
2623 538988
2624 449776
2625 452244
2626 448860
2627 450145
2628 448485
2629 449462
2630 450703
2631 449982
2632 451411
2633 605734
2634 451915
2635 450230
2636 454940
2637 450692
2638 467376
2639 453820
2640 484317
2641 452584
2642 514008
2643 452972
2644 454912
2645 455290
2646 484665
2647 455219
2648 455116
2649 454612
2650 455693
2651 455727
2652 458075
2653 456294
2654 583047
2655 476265
2656 481855
2657 457091
2658 459687
2659 457416
2660 455540
2661 460396
2662 456657
2663 460837
2664 456427
2665 455471
2666 457989
2667 460322
2668 457454
2669 459954
2670 461300
2671 521448
2672 458642
2673 460118
2674 461047
2675 620254
2676 461297
2677 458774
2678 459665
2679 459726
2680 463598
2681 459799
2682 460519
2683 461433
2684 460808
2685 462636
2686 462106
2687 461546
2688 463303
2689 464372
2690 463075
2691 461575
2692 466219
2693 465017
2694 463598
2695 465966
2696 592422
2697 462827
2698 495286
2699 462923
2700 468919
2701 466813
2702 465483
2703 464662
2704 470862
2705 465473
2706 466479
2707 466647
2708 467243
2709 469878
2710 465480
2711 467421
2712 466207
2713 468271
2714 465890
2715 467456
2716 466893
2717 621759
2718 468580
2719 469623
2720 467798
2721 471627
2722 467851
2723 498822
2724 466122
2725 468430
2726 467532
2727 469065
2728 591617
2729 469489
2730 468498
2731 594082
2732 508248
2733 505033
2734 506232
2735 512109
2736 507182
2737 510932
2738 509968
2739 503955
2740 508889
2741 512999
2742 754510
2743 509865
2744 517744
2745 512721
2746 512575
2747 519315
2748 523078
2749 515680
2750 513617
2751 520377
2752 525769
2753 505421
2754 507959
2755 507472
2756 505696
2757 509070
2758 506558
2759 505717
2760 536676
2761 504807
2762 507031
2763 510931
2764 509700
2765 512316
2766 509529
2767 512758
2768 504806
2769 517080
2770 515520
2771 620258
2772 527142
2773 531166
2774 544598
2775 524223
2776 527968
2777 526295
2778 528675
2779 527058
2780 528627
2781 526658
2782 563846
2783 513327
2784 513712
2785 514347
2786 516987
2787 541498
2788 511149
2789 514656
2790 511787
2791 511960
2792 514192
2793 519264
2794 512911
2795 513752
2796 514608
2797 550625
2798 516400
2799 519499
2800 518120
2801 522237
2802 518139
2803 1102401
2804 534606
2805 525250
2806 528761
2807 531513
2808 513309
2809 516408
2810 514122
2811 517358
2812 515708
2813 519521
2814 521419
2815 519256
2816 512364
2817 516787
2818 513830
2819 514925
2820 516928
2821 518000
2822 518927
2823 520721
2824 515097
2825 514547
2826 517090
2827 553303
2828 519111
2829 522569
2830 524887
2831 549243
2832 525589
2833 1075072
2834 536246
2835 577364
2836 539299
2837 566575
2838 522023
2839 522286
2840 524887
2841 570727
2842 521449
2843 541221
2844 524768
2845 521493
2846 522555
2847 549201
2848 526335
2849 522789
2850 523010
2851 550017
2852 569107
2853 536189
2854 525101
2855 522844
2856 521043
2857 524633
2858 524197
2859 523844
2860 524570
2861 521268
2862 523980
2863 547705
2864 536342
2865 524811
2866 523218
2867 614976
2868 536222
2869 536878
2870 594195
2871 540307
2872 540488
2873 542213
2874 538796
2875 535471
2876 535636
2877 542855
2878 536888
2879 540650
2880 538478
2881 537621
2882 538772
2883 535609
2884 537610
2885 543307
2886 535486
2887 539943
2888 563889
2889 604857
2890 540189
2891 540173
2892 943673
2893 547046
2894 543989
2895 545896
2896 544699
2897 543547
2898 544289
2899 604152
2900 541521
2901 571999
2902 575279
2903 570883
2904 544873
2905 541104
2906 547574
2907 543663
2908 547951
2909 592726
2910 562207
2911 541803
2912 571985
2913 574212
2914 576580
2915 547729
2916 581233
2917 549232
2918 547296
2919 544581
2920 548028
2921 548782
2922 574016
2923 560407
2924 557293
2925 559065
2926 570561
2927 546234
2928 547917
2929 548842
2930 548686
2931 552998
2932 549190
2933 552808
2934 551034
2935 548627
2936 549004
2937 554821
2938 545082
2939 549363
2940 549641
2941 548485
2942 551966
2943 550940
2944 551713
2945 548361
2946 549062
2947 548598
2948 549545
2949 549870
2950 554218
2951 593377
2952 555759
2953 551186
2954 551786
2955 554560
2956 555704
2957 553274
2958 591098
2959 556224
2960 556454
2961 557723
2962 559133
2963 558783
2964 558545
2965 562457
2966 561074
2967 557980
2968 558489
2969 557063
2970 557639
2971 557071
2972 561075
2973 561074
2974 557929
2975 558839
2976 558799
2977 554033
2978 554147
2979 562037
2980 591081
2981 551891
2982 595621
2983 556880
2984 558742
2985 554231
2986 557746
2987 586958
2988 562413
2989 648771
2990 587854
2991 555656
2992 557499
2993 559839
2994 559219
2995 585498
2996 588439
2997 585076
2998 559792
2999 590072
3000 558072
3001 555665
3002 554374
3003 592490
3004 570416
3005 565617
3006 624055
3007 561921
3008 1204782
3009 579651
3010 560660
3011 591469
3012 610016
3013 574191
3014 557086
3015 561156
3016 562558
3017 560174
3018 557909
3019 598461
3020 589644
3021 564131
3022 591420
3023 559119
3024 559920
3025 575789
3026 560872
3027 564083
3028 565227
3029 627706
3030 567491
3031 561034
3032 569082
3033 565451
3034 564798
3035 562732
3036 568281
3037 928643
3038 569134
3039 578987
3040 569652
3041 567291
3042 571901
3043 572501
3044 575011
3045 574271
3046 574313
3047 573310
3048 577980
3049 578695
3050 570592
3051 573571
3052 572144
3053 633324
3054 575239
3055 574828
3056 579679
3057 576040
3058 572793
3059 577638
3060 582357
3061 575522
3062 576020
3063 1010149
3064 582793
3065 574888
3066 583957
3067 590089
3068 579617
3069 576183
3070 580784
3071 576475
3072 578668
3073 578229
3074 574692
3075 578264
3076 580901
3077 580369
3078 578211
3079 578079
3080 583011
3081 575940
3082 584016
3083 579239
3084 577973
3085 578023
3086 579928
3087 573882
3088 1031078
3089 625786
3090 594659
3091 592347
3092 593167
3093 588721
3094 590665
3095 595012
3096 606938
3097 592569
3098 606514
3099 628726
3100 590028
3101 590779
3102 589709
3103 579150
3104 582492
3105 579467
3106 589357
3107 583109
3108 579620
3109 588828
3110 579584
3111 584010
3112 1163657
3113 589145
3114 584278
3115 581705
3116 581558
3117 578807
3118 583358
3119 580405
3120 584873
3121 582445
3122 613735
3123 583535
3124 587215
3125 580304
3126 584173
3127 582261
3128 581756
3129 581959
3130 588714
3131 585396
3132 596809
3133 589866
3134 588723
3135 592317
3136 1177915
3137 594753
3138 592078
3139 592006
3140 592546
3141 593391
3142 592628
3143 593018
3144 592814
3145 597581
3146 589805
3147 587952
3148 587271
3149 587580
3150 593634
3151 587707
3152 594501
3153 591196
3154 591895
3155 595770
3156 591429
3157 590603
3158 592847
3159 590405
3160 892642
3161 629215
3162 591352
3163 589573
3164 607747
3165 591704
3166 601395
3167 593924
3168 593640
3169 587824
3170 593104
3171 595479
3172 588589
3173 592467
3174 587891
3175 589448
3176 596497
3177 596737
3178 593340
3179 592562
3180 589715
3181 601602
3182 596819
3183 594308
3184 639769
3185 598039
3186 596318
3187 600060
3188 599704
3189 598318
3190 604778
3191 600492
3192 597878
3193 598512
3194 597811
3195 603911
3196 597724
3197 599825
3198 596084
3199 596848
3200 651190
3201 600637
3202 603031
3203 597282
3204 598722
3205 598162
3206 589442
3207 591470
3208 605863
3209 602793
3210 629611
3211 598585
3212 597045
3213 598718
3214 596288
3215 599977
3216 708301
3217 585044
3218 584429
3219 585861
3220 592794
3221 590140
3222 591416
3223 583890
3224 589436
3225 591833
3226 621815
3227 587010
3228 590176
3229 590671
3230 594608
3231 1328761
3232 698366
3233 644131
3234 626334
3235 650525
3236 605093
3237 603742
3238 637390
3239 592992
3240 593367
3241 591243
3242 615565
3243 592298
3244 590292
3245 623996
3246 600845
3247 594248
3248 636011
3249 596593
3250 590157
3251 589630
3252 592752
3253 595377
3254 594070
3255 1034046
3256 606767
3257 661073
3258 591856
3259 594850
3260 595782
3261 596866
3262 594651
3263 598739
3264 918219
3265 635835
3266 610683
3267 611985
3268 612788
3269 609420
3270 594653
3271 593864
3272 596688
3273 653498
3274 598534
3275 596238
3276 643301
3277 598005
3278 600937
3279 657160
3280 610424
3281 610780
3282 658492
3283 630888
3284 631585
3285 667705
3286 626573
3287 621728
3288 626256
3289 622489
3290 624795
3291 625346
3292 623133
3293 627788
3294 626566
3295 625615
3296 626203
3297 628482
3298 629962
3299 626051
3300 630144
3301 629774
3302 628954
3303 642238
3304 637118
3305 633172
3306 628614
3307 631104
3308 631364
3309 629287
3310 632372
3311 627911
3312 627703
3313 630880
3314 633314
3315 630680
3316 635607
3317 631444
3318 627754
3319 632317
3320 633440
3321 630775
3322 636681
3323 633032
3324 627221
3325 638948
3326 1111886
3327 632195
3328 632688
3329 630444
3330 632010
3331 632199
3332 634027
3333 636047
3334 667595
3335 634069
3336 634182
3337 634315
3338 641505
3339 635666
3340 666711
3341 636952
3342 636499
3343 643162
3344 635938
3345 636576
3346 642383
3347 635757
3348 637701
3349 636775
3350 848327
3351 634473
3352 639642
3353 640086
3354 637486
3355 641443
3356 637370
3357 636246
3358 646252
3359 646414
3360 626178
3361 629284
3362 625441
3363 621729
3364 624894
3365 623472
3366 622936
3367 628708
3368 625092
3369 624946
3370 623116
3371 625125
3372 632571
3373 636318
3374 636339
3375 627275
3376 626183
3377 698316
3378 634342
3379 632131
3380 638529
3381 631597
3382 632134
3383 631853
3384 633622
3385 627678
3386 633732
3387 631160
3388 634038
3389 629522
3390 631718
3391 635123
3392 631845
3393 631186
3394 634727
3395 631843
3396 632095
3397 911407
3398 630006
3399 631348
3400 634621
3401 631144
3402 631768
3403 632655
3404 635348
3405 639116
3406 635526
3407 630563
3408 631637
3409 633016
3410 632634
3411 633355
3412 636590
3413 635053
3414 637230
3415 637261
3416 636656
3417 636674
3418 641494
3419 636658
3420 998369
3421 640265
3422 640825
3423 640023
3424 634867
3425 639557
3426 634879
3427 637634
3428 638174
3429 633706
3430 637538
3431 638100
3432 637224
3433 634942
3434 638387
3435 635358
3436 637784
3437 639569
3438 634115
3439 638553
3440 645093
3441 641285
3442 641077
3443 649107
3444 643494
3445 647649
3446 648528
3447 648298
3448 673180
3449 647491
3450 647157
3451 676910
3452 646626
3453 644493
3454 649530
3455 640779
3456 644547
3457 644470
3458 643106
3459 640568
3460 643455
3461 648908
3462 638810
3463 645560
3464 641680
3465 1238676
3466 652059
3467 645077
3468 648462
3469 652841
3470 648822
3471 649017
3472 652315
3473 651382
3474 651963
3475 659806
3476 646101
3477 651065
3478 649651
3479 650338
3480 652207
3481 653654
3482 649837
3483 650461
3484 665850
3485 650491
3486 658492
3487 677945
3488 661540
3489 651743
3490 649495
3491 650394
3492 648806
3493 649160
3494 647229
3495 645406
3496 655854
3497 649161
3498 650154
3499 654426
3500 651546
3501 653046
3502 650982
3503 652573
3504 649697
3505 648898
3506 655144
3507 655090
3508 667526
3509 671994
3510 1246841
3511 639913
3512 642455
3513 698051
3514 641298
3515 638916
3516 705487
3517 638600
3518 640499
3519 694149
3520 640637
3521 639941
3522 643295
3523 642970
3524 639718
3525 644560
3526 641438
3527 646335
3528 645233
3529 641667
3530 643499
3531 643936
3532 1301085
3533 656477
3534 657272
3535 656178
3536 657308
3537 658939
3538 686630
3539 656953
3540 642841
3541 638989
3542 644264
3543 645075
3544 645342
3545 747941
3546 645544
3547 675679
3548 688256
3549 672880
3550 647469
3551 701103
3552 648975
3553 648835
3554 1277038
3555 664020
3556 667564
3557 667786
3558 661180
3559 664228
3560 670425
3561 665809
3562 663285
3563 647488
3564 651243
3565 651209
3566 653349
3567 650235
3568 656902
3569 657363
3570 655122
3571 649402
3572 649220
3573 650438
3574 652014
3575 653424
3576 1289825
3577 670539
3578 667303
3579 759114
3580 668304
3581 667009
3582 673855
3583 671539
3584 675058
3585 669204
3586 672478
3587 669849
3588 670463
3589 670301
3590 668839
3591 670034
3592 701372
3593 672694
3594 709161
3595 677147
3596 675383
3597 702021
3598 937917
3599 667664
3600 666211
3601 695272
3602 675797
3603 674352
3604 669961
3605 730098
3606 673149
3607 666408
3608 697857
3609 666925
3610 665135
3611 666963
3612 685973
3613 668240
3614 673300
3615 670219
3616 668476
3617 677946
3618 670696
3619 677722
3620 945302
3621 674654
3622 708404
3623 674019
3624 670331
3625 674729
3626 671018
3627 681705
3628 739585
3629 681389
3630 672000
3631 675149
3632 672808
3633 708920
3634 672197
3635 675153
3636 711444
3637 670561
3638 674502
3639 684924
3640 692478
3641 674828
3642 927855
3643 675549
3644 705719
3645 677894
3646 678507
3647 742723
3648 678579
3649 677988
3650 682659
3651 679375
3652 672929
3653 679342
3654 679514
3655 681131
3656 678656
3657 677785
3658 675983
3659 675316
3660 676299
3661 684522
3662 680160
3663 674843
3664 903511
3665 681374
3666 686441
3667 682903
3668 687048
3669 694242
3670 687815
3671 684782
3672 693186
3673 695961
3674 688003
3675 696159
3676 686012
3677 680942
3678 692291
3679 686022
3680 688341
3681 685030
3682 688134
3683 683818
3684 681295
3685 685400
3686 698617
3687 687645
3688 682262
3689 684752
3690 685246
3691 678869
3692 683798
3693 689193
3694 683381
3695 688022
3696 683125
3697 683592
3698 685908
3699 684523
3700 688064
3701 684381
3702 695771
3703 689436
3704 687647
3705 689453
3706 686616
3707 688406
3708 696178
3709 693674
3710 686051
3711 691425
3712 691971
3713 691669
3714 702813
3715 687760
3716 692917
3717 692184
3718 691037
3719 689897
3720 690210
3721 672545
3722 673758
3723 679951
3724 673233
3725 682588
3726 681157
3727 673777
3728 680401
3729 1253605
3730 696145
3731 676321
3732 673649
3733 698338
3734 676134
3735 678634
3736 744368
3737 676030
3738 675998
3739 677164
3740 680678
3741 674020
3742 676872
3743 678244
3744 678544
3745 677376
3746 679479
3747 679218
3748 684344
3749 685560
3750 678364
3751 1052009
3752 697011
3753 696192
3754 692086
3755 692443
3756 695987
3757 692977
3758 694340
3759 699798
3760 693322
3761 699594
3762 692664
3763 694389
3764 694348
3765 693631
3766 696555
3767 733870
3768 694142
3769 746874
3770 700661
3771 705595
3772 3663595
3773 717857
3774 713311
3775 743220
3776 709389
3777 708761
3778 713171
3779 717868
3780 708946
3781 709945
3782 707040
3783 717864
3784 709907
3785 709343
3786 715619
3787 705806
3788 726504
3789 696278
3790 697658
3791 725916
3792 922224
3793 758580
3794 703660
3795 719071
3796 696168
3797 704902
3798 829343
3799 703726
3800 731388
3801 699135
3802 698039
3803 702452
3804 703900
3805 708863
3806 851807
3807 706834
3808 706026
3809 704509
3810 705180
3811 707047
3812 701647
3813 1050432
3814 715736
3815 713887
3816 865805
3817 701111
3818 706133
3819 701799
3820 704744
3821 705811
3822 702006
3823 697677
3824 702294
3825 696921
3826 707119
3827 733867
3828 705342
3829 701084
3830 698326
3831 706102
3832 703298
3833 705656
3834 1136306
3835 720951
3836 728377
3837 717995
3838 717603
3839 717851
3840 735140
3841 727322
3842 721727
3843 719919
3844 730634
3845 715001
3846 719419
3847 718378
3848 754204
3849 722365
3850 724812
3851 720015
3852 720173
3853 721125
3854 724921
3855 934858
3856 767538
3857 711978
3858 708656
3859 712624
3860 714605
3861 710004
3862 710895
3863 706209
3864 712451
3865 707629
3866 709046
3867 709616
3868 712597
3869 717113
3870 717662
3871 714398
3872 714667
3873 710167
3874 717840
3875 711187
3876 969978
3877 730864
3878 727939
3879 828498
3880 712708
3881 713891
3882 709578
3883 715465
3884 717029
3885 719297
3886 710379
3887 706279
3888 709644
3889 716395
3890 711617
3891 712329
3892 709173
3893 712099
3894 743506
3895 717139
3896 716202
3897 1004168
3898 730448
3899 764947
3900 733880
3901 739109
3902 733120
3903 731936
3904 732987
3905 726951
3906 732678
3907 773979
3908 741222
3909 729350
3910 739725
3911 731237
3912 729342
3913 732006
3914 741479
3915 734886
3916 731830
3917 719391
3918 1076167
3919 719421
3920 723033
3921 756582
3922 720100
3923 725308
3924 722912
3925 718521
3926 747107
3927 720233
3928 717169
3929 726526
3930 719342
3931 751951
3932 723737
3933 721052
3934 720960
3935 739975
3936 725779
3937 785234
3938 730137
3939 1103444
3940 738792
3941 739045
3942 738533
3943 773467
3944 740224
3945 740922
3946 726415
3947 727405
3948 752726
3949 720672
3950 725150
3951 727774
3952 744669
3953 755528
3954 727194
3955 723917
3956 729001
3957 726271
3958 772382
3959 725052
3960 786557
3961 743868
3962 743743
3963 743599
3964 740001
3965 790395
3966 725045
3967 730397
3968 726906
3969 725361
3970 730086
3971 745020
3972 751154
3973 801228
3974 740639
3975 761759
3976 744796
3977 743719
3978 753622
3979 746141
3980 751676
3981 756114
3982 754273
3983 747570
3984 747223
3985 749395
3986 749999
3987 748446
3988 745507
3989 753209
3990 751941
3991 748588
3992 754621
3993 746418
3994 755269
3995 752325
3996 748028
3997 749856
3998 752190
3999 782630
4000 748243
4001 748288
4002 756829
4003 751516
4004 751808
4005 749110
4006 755217
4007 748920
4008 752354
4009 755831
4010 757176
4011 756354
4012 752284
4013 755590
4014 755157
4015 746402
4016 749042
4017 751377
4018 786560
4019 754605
4020 753937
4021 752118
4022 752200
4023 770273
4024 753303
4025 752040
4026 753629
4027 755907
4028 765746
4029 757227
4030 761947
4031 761276
4032 741706
4033 746108
4034 746785
4035 751613
4036 745775
4037 745963
4038 740547
4039 743940
4040 774983
4041 739759
4042 741213
4043 767870
4044 761791
4045 759534
4046 756912
4047 763177
4048 758746
4049 758529
4050 745242
4051 770449
4052 753569
4053 737476
4054 742834
4055 735763
4056 738993
4057 741834
4058 741714
4059 779240
4060 747422
4061 746234
4062 747018
4063 785996
4064 750866
4065 746117
4066 750198
4067 751481
4068 748570
4069 745626
4070 745844
4071 775192
4072 748260
4073 746777
4074 750154
4075 745438
4076 751546
4077 743866
4078 752710
4079 744112
4080 746565
4081 749278
4082 751588
4083 779750
4084 754115
4085 749898
4086 749573
4087 748113
4088 750767
4089 758139
4090 748778
4091 750531
4092 748679
4093 748429
4094 749233
4095 752644
4096 748910
4097 754994
4098 756166
4099 759411
4100 758676
4101 753810
4102 757985
4103 776449
4104 827596
4105 756032
4106 757012
4107 759400
4108 759350
4109 757105
4110 756961
4111 755840
4112 757793
4113 754505
4114 751980
4115 756699
4116 756209
4117 757768
4118 753249
4119 761537
4120 752803
4121 761293
4122 786490
4123 766600
4124 880364
4125 756100
4126 762988
4127 758111
4128 758135
4129 759430
4130 764507
4131 761850
4132 794306
4133 762615
4134 755701
4135 765583
4136 793435
4137 763039
4138 760939
4139 784826
4140 764383
4141 770757
4142 759966
4143 786789
4144 776870
4145 782247
4146 774060
4147 776460
4148 777229
4149 776332
4150 780226
4151 775310
4152 778220
4153 782029
4154 778885
4155 781069
4156 779359
4157 783038
4158 784618
4159 786449
4160 764089
4161 766573
4162 797631
4163 820039
4164 877136
4165 772912
4166 765198
4167 766329
4168 767038
4169 762831
4170 766024
4171 942955
4172 766795
4173 767635
4174 767643
4175 766305
4176 773352
4177 766959
4178 771677
4179 765471
4180 762427
4181 871035
4182 822244
4183 781538
4184 784290
4185 848383
4186 782889
4187 785993
4188 766525
4189 770377
4190 773272
4191 774337
4192 800927
4193 772945
4194 767596
4195 772491
4196 770774
4197 776402
4198 770110
4199 778890
4200 777111
4201 784246
4202 793900
4203 775169
4204 810893
4205 780748
4206 811761
4207 859341
4208 776777
4209 776818
4210 835231
4211 779438
4212 770744
4213 780698
4214 773521
4215 778686
4216 777751
4217 778396
4218 788973
4219 774098
4220 806939
4221 793309
4222 792236
4223 785652
4224 797302
4225 792994
4226 796088
4227 796075
4228 793034
4229 791239
4230 794253
4231 791818
4232 789721
4233 792919
4234 794879
4235 791716
4236 791748
4237 781140
4238 813523
4239 787038
4240 780537
4241 805788
4242 780107
4243 784289
4244 783642
4245 778643
4246 782186
4247 781883
4248 784136
4249 808087
4250 866336
4251 782269
4252 779632
4253 776630
4254 782139
4255 826685
4256 788574
4257 783438
4258 833130
4259 798570
4260 796064
4261 797390
4262 799243
4263 800827
4264 806407
4265 783598
4266 783588
4267 783793
4268 781132
4269 783139
4270 855116
4271 814308
4272 783019
4273 782557
4274 780179
4275 782925
4276 782092
4277 807714
4278 806061
4279 805213
4280 802433
4281 804274
4282 807229
4283 810021
4284 805340
4285 813124
4286 806740
4287 805600
4288 802561
4289 812601
4290 803042
4291 802477
4292 809733
4293 803380
4294 785631
4295 796693
4296 817765
4297 804987
4298 808110
4299 801718
4300 804854
4301 806022
4302 808069
4303 808479
4304 807482
4305 813776
4306 810433
4307 806378
4308 805257
4309 839062
4310 809689
4311 808203
4312 790628
4313 786919
4314 859456
4315 820150
4316 844562
4317 803681
4318 806943
4319 805173
4320 809240
4321 810515
4322 811839
4323 818126
4324 814986
4325 837842
4326 809700
4327 809899
4328 808713
4329 814237
4330 817377
4331 810800
4332 849671
4333 798417
4334 813854
4335 801121
4336 797177
4337 799581
4338 798932
4339 801262
4340 803118
4341 803475
4342 805351
4343 802719
4344 800630
4345 806936
4346 802994
4347 799295
4348 808405
4349 803801
4350 805549
4351 797902
4352 797600
4353 826654
4354 815139
4355 815493
4356 815886
4357 817378
4358 818918
4359 819571
4360 822291
4361 818575
4362 815973
4363 813388
4364 815573
4365 815295
4366 820810
4367 819504
4368 873185
4369 823180
4370 868995
4371 809905
4372 831629
4373 820277
4374 821663
4375 822050
4376 826093
4377 807346
4378 804414
4379 805206
4380 804606
4381 807652
4382 804046
4383 806516
4384 799558
4385 803677
4386 806482
4387 804698
4388 836838
4389 802317
4390 804381
4391 837046
4392 857051
4393 820178
4394 816811
4395 824088
4396 829006
4397 829276
4398 803489
4399 810408
4400 806443
4401 807466
4402 805366
4403 800846
4404 811387
4405 814462
4406 814827
4407 808560
4408 807303
4409 812871
4410 840697
4411 863164
4412 815743
4413 810974
4414 806881
4415 810749
4416 807669
4417 809451
4418 808182
4419 808663
4420 809511
4421 805094
4422 809288
4423 811519
4424 817710
4425 812920
4426 813009
4427 823980
4428 818626
4429 839982
4430 833085
4431 834860
4432 836337
4433 834332
4434 834045
4435 816752
4436 815935
4437 849577
4438 820054
4439 873647
4440 815163
4441 811696
4442 813403
4443 816253
4444 814982
4445 810428
4446 821834
4447 820552
4448 849254
4449 836027
4450 834717
4451 832814
4452 830467
4453 811483
4454 811448
4455 815508
4456 814678
4457 849248
4458 821180
4459 824602
4460 818292
4461 841001
4462 835000
4463 842929
4464 897924
4465 851899
4466 839944
4467 864312
4468 857498
4469 853017
4470 864961
4471 834005
4472 835902
4473 864755
4474 883028
4475 816919
4476 825390
4477 834583
4478 819234
4479 821292
4480 833524
4481 823907
4482 821566
4483 854716
4484 822072
4485 1442181
4486 844035
4487 904755
4488 846194
4489 886804
4490 821893
4491 828633
4492 829401
4493 828993
4494 828994
4495 829894
4496 833328
4497 824502
4498 851989
4499 820785
4500 882433
4501 820858
4502 825311
4503 821330
4504 1183655
4505 845376
4506 894980
4507 843878
4508 878374
4509 842465
4510 824336
4511 827577
4512 825740
4513 824003
4514 826845
4515 860929
4516 835347
4517 876278
4518 825351
4519 827456
4520 824850
4521 825900
4522 829277
4523 853195
4524 855701
4525 845217
4526 850524
4527 853249
4528 946890
4529 835896
4530 1305242
4531 835090
4532 829687
4533 864052
4534 938098
4535 834118
4536 899267
4537 829345
4538 893606
4539 836411
4540 830397
4541 835230
4542 840996
4543 871973
4544 882246
4545 873667
4546 872320
4547 882649
4548 875139
4549 876810
4550 870323
4551 878865
4552 871555
4553 881295
4554 881714
4555 887374
4556 882419
4557 894043
4558 869318
4559 876843
4560 1271274
4561 887450
4562 881211
4563 885422
4564 884221
4565 882245
4566 878109
4567 879451
4568 880689
4569 872357
4570 876679
4571 876680
4572 888671
4573 885280
4574 883314
4575 882082
4576 877646
4577 877240
4578 878164
4579 883172
4580 879775
4581 877038
4582 887308
4583 886641
4584 915153
4585 882020
4586 892062
4587 886540
4588 895773
4589 883799
4590 890378
4591 889459
4592 885703
4593 884854
4594 883533
4595 897981
4596 890711
4597 873847
4598 874752
4599 866989
4600 869487
4601 869679
4602 867373
4603 866319
4604 865535
4605 867428
4606 871890
4607 871802
4608 871266
4609 892416
4610 850471
4611 887294
4612 874187
4613 876052
4614 897281
4615 873586
4616 863744
4617 870136
4618 867429
4619 867499
4620 874436
4621 871314
4622 883805
4623 873568
4624 849950
4625 854108
4626 1310758
4627 855711
4628 850981
4629 854282
4630 887900
4631 856778
4632 947651
4633 861894
4634 894226
4635 859136
4636 862763
4637 1063798
4638 868046
4639 887817
4640 851279
4641 920059
4642 1174851
4643 882996
4644 882220
4645 863834
4646 858735
4647 862018
4648 862782
4649 858062
4650 862391
4651 858998
4652 862633
4653 894896
4654 866387
4655 887975
4656 854571
4657 891183
4658 886557
4659 955454
4660 889278
4661 915444
4662 882940
4663 890163
4664 882908
4665 884214
4666 878994
4667 884087
4668 882860
4669 886212
4670 879244
4671 884295
4672 879326
4673 878118
4674 871466
4675 867780
4676 883006
4677 954916
4678 864856
4679 876243
4680 866935
4681 868580
4682 867985
4683 897842
4684 928881
4685 861729
4686 937144
4687 867019
4688 956837
4689 1243441
4690 918394
4691 889028
4692 938058
4693 921619
4694 917151
4695 884805
4696 916369
4697 888009
4698 889829
4699 883432
4700 891552
4701 888115
4702 964485
4703 895017
4704 890811
4705 1129775
4706 880546
4707 870978
4708 876782
4709 872095
4710 869783
4711 875533
4712 871755
4713 876106
4714 877466
4715 875661
4716 872065
4717 876755
4718 868297
4719 871072
4720 871851
4721 901759
4722 890429
4723 900895
4724 887891
4725 892112
4726 875198
4727 876676
4728 875493
4729 880466
4730 876225
4731 887244
4732 877519
4733 880114
4734 872909
4735 876067
4736 874687
4737 903348
4738 900353
4739 900834
4740 883524
4741 883326
4742 883263
4743 877275
4744 881183
4745 877272
4746 878437
4747 874970
4748 876640
4749 911217
4750 878630
4751 876776
4752 1355240
4753 898204
4754 934345
4755 901405
4756 898701
4757 896459
4758 896120
4759 905225
4760 899717
4761 897259
4762 907293
4763 900243
4764 909300
4765 897687
4766 905170
4767 898124
4768 900586
4769 886579
4770 885448
4771 888674
4772 886977
4773 882552
4774 916232
4775 885986
4776 899924
4777 881366
4778 889549
4779 885574
4780 886920
4781 891591
4782 888030
4783 887831
4784 939458
4785 906217
4786 967503
4787 907320
4788 943318
4789 907204
4790 971468
4791 904207
4792 940753
4793 915515
4794 963831
4795 911935
4796 944286
4797 910685
4798 912825
4799 912263
4800 912323
4801 940513
4802 912341
4803 914430
4804 1056717
4805 912863
4806 913231
4807 939057
4808 918109
4809 914312
4810 923851
4811 912241
4812 961674
4813 917996
4814 893436
4815 890975
4816 914629
4817 944416
4818 914355
4819 912979
4820 914867
4821 912744
4822 915829
4823 918558
4824 912053
4825 916619
4826 911760
4827 918418
4828 912915
4829 917468
4830 916317
4831 917563
4832 920158
4833 917962
4834 919685
4835 914789
4836 916141
4837 906041
4838 902313
4839 903080
4840 896833
4841 902454
4842 904469
4843 905378
4844 903523
4845 902176
4846 906072
4847 906502
4848 901140
4849 935027
4850 934450
4851 901601
4852 904157
4853 914435
4854 1375359
4855 913528
4856 900696
4857 1134411
4858 957313
4859 971013
4860 894905
4861 898727
4862 896931
4863 1783586
4864 984026
4865 920698
4866 971255
4867 931284
4868 983009
4869 924220
4870 953353
4871 929497
4872 1013917
4873 924400
4874 929952
4875 928606
4876 926728
4877 933784
4878 925739
4879 904772
4880 909092
4881 905639
4882 915996
4883 920963
4884 979880
4885 907519
4886 939616
4887 904949
4888 958498
4889 903081
4890 939176
4891 901253
4892 906630
4893 905047
4894 908351
4895 1349078
4896 955417
4897 946679
4898 951214
4899 952796
4900 932465
4901 930929
4902 926062
4903 931501
4904 930338
4905 933321
4906 930068
4907 933107
4908 935051
4909 940030
4910 1000258
4911 940051
4912 940646
4913 934231
4914 930184
4915 985691
4916 932752
4917 987124
4918 998669
4919 941494
4920 937669
4921 935789
4922 936996
4923 938492
4924 938999
4925 931896
4926 932304
4927 967493
4928 962792
4929 967737
4930 966741
4931 935306
4932 935125
4933 938274
4934 945955
4935 933228
4936 937850
4937 937348
4938 939622
4939 936422
4940 938710
4941 939853
4942 936222
4943 940916
4944 945335
4945 943805
4946 945100
4947 920622
4948 923786
4949 923999
4950 926278
4951 924054
4952 923024
4953 924367
4954 926016
4955 927924
4956 926255
4957 924517
4958 1783508
4959 955112
4960 947795
4961 1003635
4962 944519
4963 942076
4964 947075
4965 954071
4966 947641
4967 949579
4968 946844
4969 946496
4970 947133
4971 947845
4972 927917
4973 938875
4974 922885
4975 927865
4976 928755
4977 929010
4978 928337
4979 927114
4980 966851
4981 923862
4982 928765
4983 932495
4984 933413
4985 930761
4986 930983
4987 932364
4988 929545
4989 933802
4990 960330
4991 956839
4992 953497
4993 955305
4994 954437
4995 950425
4996 951756
4997 948669
4998 947693
4999 979511
