1 46420
2 4994
3 2936
4 13311
5 9097
6 3911
7 3403
8 2080
9 3798
10 50466
11 6060
12 3581
13 2669
14 3369
15 2348
16 3876
17 2773
18 2271
19 4563
20 2557
21 3148
22 2842
23 4234
24 2840
25 2975
26 5322
27 5572
28 5027
29 6467
30 6261
31 6741
32 4845
33 6645
34 3811
35 6593
36 5263
37 4088
38 5838
39 5785
40 4470
41 8097
42 9378
43 5830
44 7757
45 8681
46 9836
47 5234
48 15204
49 5410
50 8640
51 8874
52 6559
53 7265
54 7608
55 8832
56 7477
57 7473
58 8656
59 6302
60 7367
61 10116
62 8701
63 10755
64 12492
65 10486
66 11060
67 14131
68 9244
69 10386
70 13639
71 10021
72 10433
73 8920
74 8532
75 12008
76 9451
77 10099
78 12473
79 11934
80 12184
81 14043
82 9279
83 8537
84 18773
85 272075
86 12317
87 12309
88 13633
89 10740
90 473867
91 11365
92 14011
93 11454
94 15273
95 13547
96 12900
97 18273
98 12349
99 13938
100 11840
101 20128
102 16226
103 14841
104 14103
105 13445
106 18153
107 12359
108 17176
109 11255
110 14245
111 13597
112 14355
113 13013
114 18188
115 16923
116 17935
117 13649
118 18753
119 13880
120 15326
121 15758
122 14295
123 21710
124 16629
125 15890
126 16998
127 15349
128 26097
129 17039
130 16114
131 18109
132 18664
133 50100
134 5335
135 3600
136 4673
137 4294
138 3297
139 2531
140 2394
141 3099
142 4005
143 4383
144 3917
145 3394
146 3698
147 4353
148 4896
149 4592
150 5624
151 3672
152 3726
153 3553
154 3859
155 4872
156 4564
157 5729
158 2786
159 2541
160 2630
161 2586
162 2586
163 3494
164 3766
165 3490
166 3689
167 2662
168 2675
169 3433
170 4053
171 2770
172 2706
173 2860
174 2795
175 3411
176 4702
177 4940
178 2833
179 3626
180 2792
181 2855
182 2780
183 4238
184 2904
185 3141
186 3717
187 3078
188 2822
189 3981
190 3218
191 2851
192 2977
193 4307
194 4258
195 4854
196 4471
197 3088
198 4024
199 3537
200 3556
201 4784
202 4018
203 4542
204 3335
205 3740
206 4277
207 4502
208 3229
209 3145
210 3276
211 3167
212 4357
213 3242
214 3358
215 3424
216 3720
217 3887
218 3392
219 3361
220 3581
221 3345
222 4916
223 4801
224 3568
225 3466
226 4734
227 3758
228 6492
229 4217
230 3521
231 4646
232 3558
233 4375
234 4088
235 5503
236 3877
237 3752
238 4277
239 3587
240 3744
241 3680
242 3721
243 4883
244 3809
245 5208
246 3756
247 4367
248 3595
249 3860
250 5464
251 3807
252 4009
253 3775
254 5120
255 5243
256 3861
257 4538
258 3802
259 5809
260 3880
261 5445
262 4011
263 4727
264 4391
265 4106
266 5373
267 5524
268 4888
269 5253
270 6150
271 4413
272 5341
273 5488
274 5860
275 6166
276 4287
277 5355
278 4302
279 4448
280 5922
281 4330
282 5701
283 4341
284 6421
285 5795
286 4170
287 5186
288 5356
289 5334
290 4321
291 6424
292 6198
293 5138
294 4774
295 4533
296 4511
297 4374
298 5858
299 4803
300 6600
301 4299
302 98097
303 6481
304 4630
305 5046
306 4543
307 5854
308 4504
309 5664
310 4551
311 6670
312 4756
313 5863
314 4608
315 6102
316 5274
317 4884
318 4607
319 4780
320 5088
321 5335
322 6795
323 4738
324 5205
325 4788
326 4869
327 5044
328 4692
329 5797
330 4776
331 5175
332 4911
333 5221
334 6250
335 4934
336 4800
337 7167
338 6073
339 5519
340 6466
341 5213
342 5092
343 4929
344 4990
345 5017
346 5080
347 5158
348 5252
349 6434
350 5107
351 5224
352 7155
353 7574
354 7294
355 6131
356 7141
357 6592
358 6003
359 5192
360 5174
361 6452
362 5273
363 5178
364 7271
365 6599
366 5314
367 5383
368 7867
369 7869
370 6497
371 8048
372 7134
373 7690
374 5720
375 5605
376 5762
377 6997
378 7215
379 5522
380 5488
381 5939
382 5547
383 5560
384 6171
385 6579
386 6194
387 6900
388 6029
389 5743
390 7033
391 7871
392 7026
393 5597
394 7241
395 7395
396 6623
397 5600
398 6748
399 5682
400 7390
401 9490
402 7226
403 8424
404 6657
405 6709
406 6112
407 7752
408 9225
409 8146
410 6966
411 5963
412 6257
413 7354
414 7283
415 8901
416 7912
417 8865
418 6639
419 7139
420 9389
421 9125
422 6437
423 6732
424 8739
425 6348
426 9228
427 7062
428 6851
429 6352
430 8929
431 6353
432 6861
433 6845
434 7860
435 6409
436 7343
437 8518
438 6920
439 6580
440 7492
441 7428
442 8214
443 9180
444 7033
445 7260
446 9692
447 7024
448 6789
449 9623
450 6542
451 7723
452 8745
453 7800
454 7008
455 6787
456 8890
457 8323
458 8799
459 9304
460 8635
461 8494
462 8628
463 8668
464 8526
465 8623
466 8458
467 8603
468 9056
469 8635
470 8626
471 8477
472 8788
473 8767
474 8682
475 8532
476 8652
477 8557
478 8561
479 9230
480 8966
481 8765
482 8735
483 8895
484 8750
485 8708
486 8852
487 8862
488 8659
489 8766
490 9229
491 8939
492 9162
493 8941
494 8867
495 8890
496 9038
497 8753
498 9171
499 9058
500 8832
501 9120
502 8899
503 9500
504 9151
505 9294
506 9118
507 9176
508 9328
509 9293
510 9345
511 9302
512 9392
513 9329
514 9209
515 9048
516 9250
517 9267
518 9321
519 9371
520 9487
521 9243
522 9237
523 9277
524 9582
525 9236
526 9701
527 9623
528 9803
529 9784
530 9471
531 9523
532 9731
533 9553
534 9623
535 9455
536 9674
537 9557
538 9553
539 9691
540 9433
541 9111
542 9232
543 9223
544 9440
545 9366
546 9385
547 9244
548 9417
549 9778
550 9376
551 9411
552 9345
553 9145
554 9471
555 9503
556 9453
557 9418
558 9585
559 9646
560 9428
561 9591
562 9598
563 9866
564 9698
565 9668
566 9526
567 9522
568 9510
569 9905
570 9636
571 10136
572 9709
573 9759
574 10278
575 10269
576 10011
577 10258
578 10215
579 10245
580 10590
581 10450
582 10367
583 10305
584 10328
585 10807
586 10260
587 10211
588 10223
589 10575
590 8868
591 8602
592 8495
593 8682
594 8211
595 8491
596 8135
597 8386
598 8328
599 8376
600 8539
601 8365
602 11640
603 9790
604 8520
605 8292
606 8495
607 8124
608 8879
609 8396
610 8830
611 8256
612 8430
613 22065
614 8955
615 9427
616 9231
617 9093
618 9457
619 8875
620 9021
621 23933
622 8750
623 8916
624 14784
625 9510
626 112532
627 10578
628 9966
629 10276
630 9374
631 9225
632 10043
633 9872
634 10008
635 21831
636 14173
637 17477
638 17300
639 15568
640 13395
641 17219
642 14473
643 13376
644 15156
645 12906
646 14783
647 17032
648 15143
649 14578
650 12725
651 11243
652 12209
653 12141
654 12095
655 11632
656 11924
657 10484
658 15470
659 17079
660 15425
661 13977
662 13542
663 14550
664 12892
665 13906
666 12817
667 13239
668 14231
669 13012
670 10829
671 11151
672 17666
673 19564
674 19333
675 18701
676 15561
677 18348
678 14999
679 16028
680 17088
681 15895
682 15987
683 15951
684 16283
685 14166
686 14694
687 15942
688 11252
689 15067
690 14594
691 12614
692 13084
693 12255
694 131329
695 13623
696 13775
697 12415
698 10793
699 12032
700 12332
701 12708
702 12258
703 13268
704 14765
705 14091
706 11022
707 12929
708 12438
709 14069
710 13132
711 15332
712 11450
713 15985
714 14214
715 10466
716 14490
717 11473
718 12533
719 11493
720 14854
721 12784
722 10591
723 14676
724 13680
725 11941
726 11965
727 12354
728 11106
729 13919
730 12449
731 11715
732 13585
733 11274
734 11285
735 11027
736 11716
737 11952
738 12234
739 13197
740 12341
741 14916
742 12099
743 13330
744 15499
745 12130
746 10799
747 12110
748 11619
749 10821
750 11095
751 14684
752 11089
753 12734
754 12845
755 11965
756 17010
757 15592
758 155549
759 17847
760 14621
761 14035
762 14859
763 11987
764 12230
765 12450
766 12655
767 12741
768 13214
769 16332
770 15651
771 13491
772 12787
773 18473
774 16336
775 14173
776 16208
777 18191
778 13827
779 12660
780 12581
781 13293
782 11477
783 12914
784 12952
785 13226
786 13240
787 12543
788 13664
789 13148
790 16177
791 11182
792 14370
793 12535
794 13106
795 13446
796 11797
797 13186
798 14465
799 12504
800 13115
801 12659
802 11243
803 12823
804 100274
805 16159
806 13417
807 12454
808 11283
809 13265
810 14916
811 12434
812 11228
813 13164
814 16515
815 13947
816 13576
817 13216
818 12632
819 12862
820 12289
821 12705
822 12122
823 13071
824 11826
825 12440
826 13115
827 13596
828 13823
829 14986
830 14182
831 13669
832 11354
833 14806
834 11962
835 11685
836 14174
837 13846
838 13689
839 17281
840 13253
841 14409
842 14544
843 13677
844 13687
845 13456
846 13790
847 13886
848 100170
849 13284
850 13233
851 16846
852 13387
853 15152
854 13090
855 15301
856 14699
857 14532
858 13208
859 13775
860 13283
861 13193
862 196925
863 17460
864 14093
865 13545
866 15861
867 16358
868 14822
869 11906
870 13584
871 14246
872 15557
873 14689
874 16475
875 15451
876 18459
877 20382
878 25169
879 22061
880 23533
881 26574
882 28286
883 23796
884 23558
885 24172
886 22550
887 21833
888 24193
889 16443
890 17423
891 15553
892 14354
893 14435
894 14785
895 14650
896 16422
897 14262
898 16029
899 16228
900 14586
901 29274
902 20567
903 19085
904 20321
905 20057
906 19959
907 23286
908 20165
909 20010
910 21428
911 20211
912 20400
913 13493
914 13162
915 13287
916 12911
917 13000
918 12781
919 12569
920 14959
921 13316
922 13102
923 13081
924 13115
925 12894
926 13056
927 13180
928 13145
929 13315
930 12850
931 12869
932 13179
933 13713
934 13148
935 13430
936 104304
937 13448
938 13378
939 13087
940 13251
941 13215
942 13510
943 13231
944 13296
945 13310
946 13417
947 15586
948 13345
949 13426
950 13209
951 13566
952 13558
953 13818
954 13334
955 13839
956 13190
957 13358
958 13462
959 13357
960 14151
961 13714
962 14198
963 13396
964 13913
965 14147
966 13776
967 13867
968 15694
969 13318
970 13461
971 13843
972 13332
973 13375
974 13681
975 13374
976 15312
977 13616
978 14022
979 13649
980 13849
981 13978
982 13690
983 14177
984 15101
985 13496
986 13987
987 13867
988 13823
989 13673
990 13927
991 14335
992 13803
993 13684
994 14748
995 13706
996 13736
997 14058
998 13669
999 13864
1000 14522
1001 13935
1002 14245
1003 15914
1004 15267
1005 14745
1006 15287
1007 15195
1008 14512
1009 14031
1010 15074
1011 14523
1012 14687
1013 14732
1014 14408
1015 14226
1016 14890
1017 16205
1018 15038
1019 14419
1020 16140
1021 16705
1022 16612
1023 17545
1024 16090
1025 18088
1026 17919
1027 18658
1028 227952
1029 18204
1030 16455
1031 18080
1032 16574
1033 17473
1034 17849
1035 18459
1036 25232
1037 22346
1038 22548
1039 23575
1040 21320
1041 20099
1042 21371
1043 21086
1044 21512
1045 16321
1046 16406
1047 19881
1048 20842
1049 21073
1050 20141
1051 21342
1052 20780
1053 20991
1054 21505
1055 17313
1056 22026
1057 39304
1058 19598
1059 19464
1060 17113
1061 20747
1062 17063
1063 17438
1064 17219
1065 17500
1066 17291
1067 18444
1068 18563
1069 20070
1070 19491
1071 20006
1072 134957
1073 18865
1074 19874
1075 19768
1076 17805
1077 18166
1078 18618
1079 18353
1080 18026
1081 18851
1082 20770
1083 21943
1084 18613
1085 20302
1086 33287
1087 22623
1088 22239
1089 20810
1090 19900
1091 19923
1092 16270
1093 135451
1094 32075
1095 25086
1096 24819
1097 29402
1098 25650
1099 18712
1100 18281
1101 17971
1102 19549
1103 18646
1104 18915
1105 16691
1106 21436
1107 18031
1108 19403
1109 18220
1110 19217
1111 18375
1112 17705
1113 19682
1114 20982
1115 21565
1116 19165
1117 21329
1118 20734
1119 19909
1120 18317
1121 18853
1122 16864
1123 17176
1124 22530
1125 19111
1126 17194
1127 20478
1128 17785
1129 17387
1130 18665
1131 17875
1132 18436
1133 18415
1134 114381
1135 24864
1136 18504
1137 17700
1138 17399
1139 19846
1140 17840
1141 16445
1142 17421
1143 25226
1144 21027
1145 20200
1146 22888
1147 19560
1148 20886
1149 20048
1150 20632
1151 20818
1152 19813
1153 20892
1154 135152
1155 19708
1156 18568
1157 19078
1158 19709
1159 18669
1160 20732
1161 19579
1162 17771
1163 21188
1164 20300
1165 21080
1166 22882
1167 22787
1168 27637
1169 20128
1170 23451
1171 18688
1172 17675
1173 19067
1174 18246
1175 16896
1176 20224
1177 20799
1178 18201
1179 18517
1180 18000
1181 20427
1182 17826
1183 18861
1184 19750
1185 21332
1186 18834
1187 19287
1188 21381
1189 22267
1190 20354
1191 19392
1192 18274
1193 18553
1194 24372
1195 19409
1196 18833
1197 20851
1198 19246
1199 20178
1200 19321
1201 19602
1202 20409
1203 21803
1204 18487
1205 22020
1206 20443
1207 20798
1208 21035
1209 21476
1210 21243
1211 32501
1212 21468
1213 21720
1214 21637
1215 21461
1216 21534
1217 21556
1218 21676
1219 21409
1220 21461
1221 21409
1222 26503
1223 21848
1224 21188
1225 21176
1226 21575
1227 21202
1228 21691
1229 21973
1230 21851
1231 22281
1232 21149
1233 21615
1234 21655
1235 21617
1236 21598
1237 25650
1238 22265
1239 21605
1240 21660
1241 21805
1242 22057
1243 22353
1244 22022
1245 27376
1246 21860
1247 21584
1248 22128
1249 22372
1250 21457
1251 22111
1252 21921
1253 118782
1254 21973
1255 21836
1256 21874
1257 21792
1258 21514
1259 22040
1260 17792
1261 18717
1262 18560
1263 18495
1264 18717
1265 17654
1266 17834
1267 18110
1268 18983
1269 18324
1270 18317
1271 20103
1272 105896
1273 17587
1274 25325
1275 20222
1276 19050
1277 19667
1278 20854
1279 20205
1280 25290
1281 19221
1282 20139
1283 19103
1284 18666
1285 18652
1286 18029
1287 18576
1288 19019
1289 18266
1290 20567
1291 166715
1292 20301
1293 18400
1294 18351
1295 18706
1296 18740
1297 19010
1298 18714
1299 18967
1300 18815
1301 18036
1302 19128
1303 18610
1304 18326
1305 18498
1306 18423
1307 18630
1308 18334
1309 18903
1310 19530
1311 18700
1312 19385
1313 18602
1314 19521
1315 18950
1316 18641
1317 18689
1318 19775
1319 19357
1320 31579
1321 25020
1322 25512
1323 23651
1324 19859
1325 20910
1326 20504
1327 22877
1328 20747
1329 25373
1330 29196
1331 28900
1332 26508
1333 21602
1334 20533
1335 21537
1336 20175
1337 20616
1338 19934
1339 21035
1340 20836
1341 21432
1342 20661
1343 20948
1344 21057
1345 111181
1346 20815
1347 36751
1348 20920
1349 20730
1350 20908
1351 20952
1352 20652
1353 20725
1354 20556
1355 21467
1356 20483
1357 20727
1358 32567
1359 21637
1360 20858
1361 20351
1362 19923
1363 21023
1364 20032
1365 19890
1366 19602
1367 19227
1368 19714
1369 19409
1370 19233
1371 19619
1372 19910
1373 19814
1374 20533
1375 20136
1376 20144
1377 20550
1378 28774
1379 33099
1380 28391
1381 29302
1382 28575
1383 37200
1384 20063
1385 19998
1386 20493
1387 20125
1388 20298
1389 20429
1390 20626
1391 20493
1392 19826
1393 20177
1394 19654
1395 20264
1396 20291
1397 27378
1398 19725
1399 19845
1400 20145
1401 19359
1402 19920
1403 20259
1404 19986
1405 19598
1406 20549
1407 20332
1408 21132
1409 26433
1410 20776
1411 19859
1412 20479
1413 20579
1414 20026
1415 19678
1416 26435
1417 19863
1418 20134
1419 19673
1420 20274
1421 19884
1422 20386
1423 19630
1424 93020
1425 19858
1426 20112
1427 20042
1428 20392
1429 19959
1430 19791
1431 20204
1432 20355
1433 22479
1434 19958
1435 20039
1436 19757
1437 19397
1438 20253
1439 20395
1440 20572
1441 20680
1442 19811
1443 20189
1444 19951
1445 20482
1446 20260
1447 20088
1448 19990
1449 19860
1450 19879
1451 20437
1452 20101
1453 20286
1454 20202
1455 153193
1456 19858
1457 19880
1458 22075
1459 19977
1460 20233
1461 20327
1462 20370
1463 19835
1464 20198
1465 20150
1466 20273
1467 19782
1468 20651
1469 20284
1470 97241
1471 20246
1472 19986
1473 19758
1474 20628
1475 20169
1476 20342
1477 20025
1478 20364
1479 20854
1480 20396
1481 20416
1482 20133
1483 20964
1484 20299
1485 87555
1486 20616
1487 20632
1488 20547
1489 19768
1490 20239
1491 20694
1492 20437
1493 20258
1494 20386
1495 20612
1496 20824
1497 20533
1498 21130
1499 20386
1500 88892
1501 20466
1502 20907
1503 20646
1504 20614
1505 20566
1506 20911
1507 20285
1508 21024
1509 20737
1510 20413
1511 20980
1512 20570
1513 21248
1514 20861
1515 93623
1516 21017
1517 21220
1518 20449
1519 20637
1520 20864
1521 21295
1522 21121
1523 20652
1524 20723
1525 20766
1526 21420
1527 20660
1528 21102
1529 20632
1530 21339
1531 20990
1532 20409
1533 21075
1534 21063
1535 21336
1536 21094
1537 21101
1538 20816
1539 21182
1540 20561
1541 20886
1542 21001
1543 20870
1544 20661
1545 21341
1546 21056
1547 20962
1548 21052
1549 21196
1550 21703
1551 21264
1552 20977
1553 20729
1554 21147
1555 20544
1556 21105
1557 21077
1558 20727
1559 20793
1560 21875
1561 21608
1562 21286
1563 20986
1564 20936
1565 21015
1566 21756
1567 21050
1568 21287
1569 20972
1570 21525
1571 21456
1572 21198
1573 21701
1574 88508
1575 21536
1576 21589
1577 21750
1578 21409
1579 22145
1580 21433
1581 22120
1582 21745
1583 21410
1584 21443
1585 21453
1586 21953
1587 22162
1588 22077
1589 22100
1590 21947
1591 24559
1592 21948
1593 21453
1594 21542
1595 21540
1596 21637
1597 21573
1598 22121
1599 22652
1600 21813
1601 22102
1602 21842
1603 88558
1604 21361
1605 21886
1606 22032
1607 21686
1608 21863
1609 21591
1610 21598
1611 21704
1612 22375
1613 21887
1614 21344
1615 21884
1616 21456
1617 86846
1618 22069
1619 22062
1620 22152
1621 22236
1622 22718
1623 21847
1624 22116
1625 22252
1626 22321
1627 22413
1628 22278
1629 22165
1630 21707
1631 88381
1632 21967
1633 22553
1634 22078
1635 21833
1636 22020
1637 22065
1638 22379
1639 21722
1640 22060
1641 22159
1642 22576
1643 21996
1644 22254
1645 90833
1646 22084
1647 22600
1648 22362
1649 22044
1650 22748
1651 22040
1652 22283
1653 22421
1654 22397
1655 22908
1656 22560
1657 22346
1658 22419
1659 92290
1660 22604
1661 22215
1662 22658
1663 22518
1664 23058
1665 22643
1666 22833
1667 22609
1668 22430
1669 22799
1670 22521
1671 22838
1672 22660
1673 92628
1674 22986
1675 22455
1676 23240
1677 22564
1678 23143
1679 22618
1680 22993
1681 22909
1682 22607
1683 23147
1684 22956
1685 23126
1686 22836
1687 92255
1688 23163
1689 22969
1690 23164
1691 22952
1692 22952
1693 22922
1694 22779
1695 22941
1696 22830
1697 22802
1698 23513
1699 22777
1700 23291
1701 23466
1702 23136
1703 22885
1704 22842
1705 22741
1706 22915
1707 23185
1708 22973
1709 22912
1710 22657
1711 22991
1712 23420
1713 23200
1714 23493
1715 23502
1716 23691
1717 23416
1718 23223
1719 23295
1720 23114
1721 23322
1722 23119
1723 23495
1724 23436
1725 23322
1726 23330
1727 23030
1728 92578
1729 23500
1730 22882
1731 23376
1732 23381
1733 23423
1734 22627
1735 23200
1736 23310
1737 23671
1738 23119
1739 23038
1740 23505
1741 23411
1742 23742
1743 23944
1744 23748
1745 23433
1746 23602
1747 23535
1748 24035
1749 23230
1750 23569
1751 23628
1752 23778
1753 23576
1754 23794
1755 92290
1756 23635
1757 23958
1758 24313
1759 23492
1760 23948
1761 23263
1762 23931
1763 24247
1764 24398
1765 24099
1766 23928
1767 23866
1768 24185
1769 24594
1770 24638
1771 23763
1772 23586
1773 23744
1774 23964
1775 23981
1776 23968
1777 23888
1778 23824
1779 24504
1780 23575
1781 24035
1782 91856
1783 24163
1784 23084
1785 23666
1786 23420
1787 38889
1788 23173
1789 22748
1790 23098
1791 23392
1792 23110
1793 22876
1794 23321
1795 23189
1796 23794
1797 23374
1798 23466
1799 23132
1800 39461
1801 23366
1802 23702
1803 23286
1804 23629
1805 23435
1806 23149
1807 23287
1808 23228
1809 108695
1810 25223
1811 33487
1812 36254
1813 24627
1814 24242
1815 24310
1816 23559
1817 24106
1818 23444
1819 23452
1820 23121
1821 47379
1822 125277
1823 24299
1824 23270
1825 24195
1826 23278
1827 24265
1828 23596
1829 23523
1830 37450
1831 23668
1832 23876
1833 23695
1834 23724
1835 116636
1836 23855
1837 23337
1838 24458
1839 23922
1840 23465
1841 23570
1842 23960
1843 24016
1844 23354
1845 23934
1846 23770
1847 23514
1848 119092
1849 24091
1850 24315
1851 24037
1852 23340
1853 24076
1854 23459
1855 23661
1856 24278
1857 23515
1858 23963
1859 23890
1860 24026
1861 125557
1862 24878
1863 47194
1864 24383
1865 24364
1866 24030
1867 24058
1868 24445
1869 24302
1870 23632
1871 24177
1872 23877
1873 24441
1874 130485
1875 24525
1876 24072
1877 23752
1878 23688
1879 24112
1880 24290
1881 24344
1882 24032
1883 23859
1884 23414
1885 24807
1886 24305
1887 24174
1888 24500
1889 24155
1890 23851
1891 24353
1892 23822
1893 24349
1894 23909
1895 24097
1896 24499
1897 24330
1898 24066
1899 23989
1900 24435
1901 23870
1902 24411
1903 23972
1904 24638
1905 23675
1906 24918
1907 24495
1908 24447
1909 24619
1910 24293
1911 24075
1912 124048
1913 24175
1914 23855
1915 23972
1916 24093
1917 24315
1918 24814
1919 24130
1920 24334
1921 24576
1922 24339
1923 25065
1924 24248
1925 24563
1926 24973
1927 24418
1928 24467
1929 24476
1930 24314
1931 24922
1932 24136
1933 24311
1934 24956
1935 24473
1936 24965
1937 24706
1938 25014
1939 24798
1940 24457
1941 24401
1942 24880
1943 25143
1944 24542
1945 24210
1946 24170
1947 24848
1948 24230
1949 25120
1950 120289
1951 24566
1952 24589
1953 24602
1954 24953
1955 24805
1956 24732
1957 25255
1958 24726
1959 24845
1960 24435
1961 24791
1962 24644
1963 25138
1964 25192
1965 24862
1966 28327
1967 24553
1968 24786
1969 24747
1970 24824
1971 24690
1972 25263
1973 25200
1974 25054
1975 25184
1976 24695
1977 25201
1978 24923
1979 25131
1980 26057
1981 25003
1982 24712
1983 24659
1984 25177
1985 25131
1986 48497
1987 37192
1988 35119
1989 35762
1990 37424
1991 35734
1992 36870
1993 40515
1994 35913
1995 34920
1996 36169
1997 36296
1998 36492
1999 36733
2000 25475
2001 25831
2002 25492
2003 25945
2004 25715
2005 25501
2006 25214
2007 25612
2008 25477
2009 25809
2010 25037
2011 25941
2012 36745
2013 35375
2014 36503
2015 37692
2016 36419
2017 35908
2018 45111
2019 42473
2020 42407
2021 47259
2022 43154
2023 43660
2024 27253
2025 27259
2026 26993
2027 26918
2028 26432
2029 27043
2030 26438
2031 26494
2032 26810
2033 27480
2034 29653
2035 26982
2036 26879
2037 26827
2038 26666
2039 26915
2040 27066
2041 27098
2042 27428
2043 27287
2044 27018
2045 27427
2046 26747
2047 27349
2048 27279
2049 27290
2050 27169
2051 28236
2052 27403
2053 27003
2054 26997
2055 27504
2056 26887
2057 27119
2058 26688
2059 27360
2060 26887
2061 26701
2062 27714
2063 26741
2064 27192
2065 27179
2066 27071
2067 27658
2068 27477
2069 27689
2070 27290
2071 27698
2072 27674
2073 26921
2074 27456
2075 27318
2076 29830
2077 26940
2078 27358
2079 27307
2080 29312
2081 27453
2082 27204
2083 27319
2084 28050
2085 27593
2086 28079
2087 27383
2088 27550
2089 27413
2090 27068
2091 28052
2092 28189
2093 28016
2094 27675
2095 27159
2096 26939
2097 28328
2098 27464
2099 27719
2100 30715
2101 28304
2102 27995
2103 28272
2104 27921
2105 29769
2106 31557
2107 27676
2108 28208
2109 27793
2110 28097
2111 27838
2112 33400
2113 27835
2114 28333
2115 28303
2116 28016
2117 27962
2118 28130
2119 27548
2120 27897
2121 28256
2122 31363
2123 27926
2124 27785
2125 28130
2126 28143
2127 27281
2128 27596
2129 27877
2130 28224
2131 28565
2132 28139
2133 28069
2134 27665
2135 28447
2136 28227
2137 43001
2138 31073
2139 29193
2140 28484
2141 28960
2142 28009
2143 28616
2144 28429
2145 28380
2146 28253
2147 29375
2148 30103
2149 30546
2150 29728
2151 29438
2152 29651
2153 28459
2154 28513
2155 29611
2156 29941
2157 29892
2158 29352
2159 29265
2160 30564
2161 30876
2162 29523
2163 29090
2164 28701
2165 29706
2166 29305
2167 31189
2168 29871
2169 29843
2170 150350
2171 29797
2172 28812
2173 32868
2174 29263
2175 29354
2176 28701
2177 28643
2178 28654
2179 28807
2180 28374
2181 28716
2182 29017
2183 29152
2184 29958
2185 30208
2186 29416
2187 33059
2188 30203
2189 30033
2190 29323
2191 29794
2192 28772
2193 29560
2194 29763
2195 29142
2196 29595
2197 29592
2198 29581
2199 29870
2200 29290
2201 29322
2202 29634
2203 30611
2204 30086
2205 29249
2206 29367
2207 30460
2208 29474
2209 29968
2210 29834
2211 144977
2212 30075
2213 29753
2214 29793
2215 74583
2216 29379
2217 29076
2218 28783
2219 29437
2220 29911
2221 29667
2222 29063
2223 29599
2224 29988
2225 29379
2226 29622
2227 29976
2228 30028
2229 30119
2230 30047
2231 136962
2232 29764
2233 29507
2234 29634
2235 29215
2236 29326
2237 30775
2238 29380
2239 30302
2240 29720
2241 29457
2242 29312
2243 29431
2244 29448
2245 29322
2246 29654
2247 30626
2248 29181
2249 29524
2250 29509
2251 150850
2252 30647
2253 31145
2254 29750
2255 29211
2256 29542
2257 29958
2258 30319
2259 30378
2260 30229
2261 29526
2262 30818
2263 31153
2264 29622
2265 29322
2266 29656
2267 30197
2268 30005
2269 30235
2270 30748
2271 144959
2272 30275
2273 29736
2274 30417
2275 30077
2276 29694
2277 30372
2278 30116
2279 29657
2280 29218
2281 29804
2282 30743
2283 30351
2284 30111
2285 29844
2286 30091
2287 29964
2288 30680
2289 29978
2290 29937
2291 29773
2292 30106
2293 30775
2294 32217
2295 29303
2296 29476
2297 29511
2298 30920
2299 30257
2300 29850
2301 30513
2302 30445
2303 30285
2304 31164
2305 30267
2306 30618
2307 31308
2308 30091
2309 30612
2310 30150
2311 31704
2312 30174
2313 29762
2314 30389
2315 30452
2316 30415
2317 30117
2318 30785
2319 30977
2320 30252
2321 30729
2322 31081
2323 29859
2324 30938
2325 30863
2326 30345
2327 30407
2328 30025
2329 29752
2330 148557
2331 30862
2332 30200
2333 30076
2334 29961
2335 30363
2336 30455
2337 30222
2338 30652
2339 30621
2340 30475
2341 30705
2342 31086
2343 31290
2344 30734
2345 30804
2346 30853
2347 30585
2348 31383
2349 30955
2350 30697
2351 30582
2352 30858
2353 29700
2354 30676
2355 30647
2356 31207
2357 30891
2358 30695
2359 30627
2360 30783
2361 30321
2362 30500
2363 30840
2364 30449
2365 31201
2366 30592
2367 30800
2368 30686
2369 30600
2370 30618
2371 30499
2372 30855
2373 34090
2374 30416
2375 29912
2376 30269
2377 30684
2378 30944
2379 30454
2380 30494
2381 30656
2382 31656
2383 31529
2384 30740
2385 31772
2386 31625
2387 32277
2388 190105
2389 31710
2390 31317
2391 30729
2392 30674
2393 31146
2394 31174
2395 31650
2396 31457
2397 30747
2398 31189
2399 31325
2400 32005
2401 31851
2402 31625
2403 31085
2404 31332
2405 31814
2406 32239
2407 178670
2408 31705
2409 32057
2410 31457
2411 31810
2412 31293
2413 32412
2414 32111
2415 31610
2416 31105
2417 30713
2418 31005
2419 31191
2420 31437
2421 30621
2422 30571
2423 31268
2424 31934
2425 32453
2426 174474
2427 31145
2428 31493
2429 31287
2430 31685
2431 31791
2432 31581
2433 32390
2434 31500
2435 31259
2436 31478
2437 31418
2438 31281
2439 31617
2440 31980
2441 31527
2442 31542
2443 31312
2444 31756
2445 31454
2446 31700
2447 32153
2448 32351
2449 32935
2450 31161
2451 31704
2452 32015
2453 32221
2454 31860
2455 31724
2456 31496
2457 31407
2458 30934
2459 31647
2460 32074
2461 31733
2462 32685
2463 31733
2464 32920
2465 31502
2466 32036
2467 32616
2468 31826
2469 32086
2470 31326
2471 31938
2472 32059
2473 31456
2474 32141
2475 31318
2476 31946
2477 31409
2478 31444
2479 31829
2480 32257
2481 32533
2482 31613
2483 31861
2484 30975
2485 31154
2486 30921
2487 31450
2488 30786
2489 30866
2490 30973
2491 30839
2492 31084
2493 30802
2494 31087
2495 31003
2496 30932
2497 30780
2498 31376
2499 31803
2500 32284
2501 31980
2502 31113
2503 31395
2504 31455
2505 31171
2506 31784
2507 30881
2508 31413
2509 31463
2510 31496
2511 31201
2512 30998
2513 31176
2514 31617
2515 31339
2516 31336
2517 31280
2518 31411
2519 31709
2520 165500
2521 31844
2522 31470
2523 31336
2524 31596
2525 31011
2526 31108
2527 31620
2528 31795
2529 31167
2530 31157
2531 31132
2532 31870
2533 31591
2534 31736
2535 32411
2536 33857
2537 32569
2538 31625
2539 31413
2540 30933
2541 31471
2542 31631
2543 31601
2544 31785
2545 32017
2546 31418
2547 31630
2548 31390
2549 31664
2550 31347
2551 31734
2552 31690
2553 32006
2554 31592
2555 31532
2556 31369
2557 31688
2558 31970
2559 31782
2560 32095
2561 31477
2562 31907
2563 32261
2564 31704
2565 31678
2566 31617
2567 31560
2568 33255
2569 32364
2570 32158
2571 39417
2572 32911
2573 33401
2574 31878
2575 32574
2576 32302
2577 32237
2578 33154
2579 32916
2580 32461
2581 47810
2582 32586
2583 32374
2584 33317
2585 32096
2586 33120
2587 33486
2588 33362
2589 32752
2590 33108
2591 32918
2592 33047
2593 174057
2594 32644
2595 33360
2596 33481
2597 32104
2598 32074
2599 35393
2600 32088
2601 32844
2602 32942
2603 33041
2604 33075
2605 34241
2606 32446
2607 32363
2608 32985
2609 33608
2610 32569
2611 168915
2612 32527
2613 33694
2614 33560
2615 33225
2616 32764
2617 32696
2618 33005
2619 32688
2620 33310
2621 32571
2622 32902
2623 33256
2624 32830
2625 32141
2626 33196
2627 33142
2628 32461
2629 32865
2630 36443
2631 32543
2632 32103
2633 32523
2634 32759
2635 32945
2636 32982
2637 32985
2638 33511
2639 33170
2640 33268
2641 33441
2642 32753
2643 76827
2644 34057
2645 33845
2646 33320
2647 33561
2648 32969
2649 33151
2650 33043
2651 32823
2652 32795
2653 32951
2654 33617
2655 33524
2656 33374
2657 33238
2658 32932
2659 33101
2660 33400
2661 33388
2662 33329
2663 33651
2664 165855
2665 33582
2666 33744
2667 33294
2668 32973
2669 33113
2670 32966
2671 32674
2672 33098
2673 32946
2674 33576
2675 33853
2676 62059
2677 32623
2678 32885
2679 33258
2680 32825
2681 33255
2682 32885
2683 33432
2684 33117
2685 33650
2686 33902
2687 33185
2688 33098
2689 33151
2690 33309
2691 46606
2692 33398
2693 33790
2694 33144
2695 33981
2696 33459
2697 33379
2698 33400
2699 33073
2700 34221
2701 33702
2702 33679
2703 33638
2704 33123
2705 33093
2706 34295
2707 33884
2708 33620
2709 34009
2710 33483
2711 33220
2712 33744
2713 33844
2714 33086
2715 33748
2716 33508
2717 150849
2718 33105
2719 33501
2720 33929
2721 33940
2722 33220
2723 33509
2724 33596
2725 33427
2726 33717
2727 32905
2728 35454
2729 33536
2730 33955
2731 33375
2732 34009
2733 33717
2734 33185
2735 34493
2736 33938
2737 33823
2738 33758
2739 33752
2740 33516
2741 34076
2742 33863
2743 34193
2744 33704
2745 33942
2746 34102
2747 34049
2748 33738
2749 33724
2750 33434
2751 34339
2752 162515
2753 33704
2754 34240
2755 33983
2756 34215
2757 34182
2758 34370
2759 33949
2760 33872
2761 33848
2762 34574
2763 33815
2764 33899
2765 51823
2766 35005
2767 34239
2768 34569
2769 34066
2770 34384
2771 34037
2772 33773
2773 34152
2774 34380
2775 33221
2776 33848
2777 34464
2778 34617
2779 34409
2780 34666
2781 33967
2782 34172
2783 34804
2784 34227
2785 34448
2786 34902
2787 163633
2788 34394
2789 35275
2790 34606
2791 34266
2792 34476
2793 34192
2794 34240
2795 34382
2796 34215
2797 34485
2798 34139
2799 33958
2800 34207
2801 34925
2802 34323
2803 34420
2804 34345
2805 34217
2806 34482
2807 34327
2808 34003
2809 34490
2810 34450
2811 34007
2812 33648
2813 34791
2814 35173
2815 34505
2816 35189
2817 34622
2818 34854
2819 34749
2820 34147
2821 34223
2822 35876
2823 62872
2824 34022
2825 34480
2826 34784
2827 34642
2828 34900
2829 35233
2830 34895
2831 35107
2832 34704
2833 34731
2834 34627
2835 34444
2836 34411
2837 34469
2838 34901
2839 167782
2840 34623
2841 35251
2842 35745
2843 34688
2844 34637
2845 34970
2846 35267
2847 34737
2848 35128
2849 35056
2850 35150
2851 35037
2852 34657
2853 34587
2854 34665
2855 35310
2856 164852
2857 35412
2858 35246
2859 35002
2860 35090
2861 35524
2862 35168
2863 35374
2864 34822
2865 35271
2866 35153
2867 35414
2868 34882
2869 35165
2870 35617
2871 36158
2872 35670
2873 150036
2874 35078
2875 35325
2876 35546
2877 35231
2878 35845
2879 35396
2880 35235
2881 35606
2882 35395
2883 49137
2884 35651
2885 35864
2886 35304
2887 35613
2888 35825
2889 35658
2890 167081
2891 35482
2892 35749
2893 35059
2894 35138
2895 35702
2896 35836
2897 35144
2898 35448
2899 35536
2900 35592
2901 35683
2902 35880
2903 36228
2904 36030
2905 35493
2906 170176
2907 48584
2908 34978
2909 35679
2910 35695
2911 35252
2912 35887
2913 35767
2914 35092
2915 36538
2916 35897
2917 36237
2918 36600
2919 35900
2920 35429
2921 35775
2922 36697
2923 35574
2924 36562
2925 36076
2926 35258
2927 35873
2928 35721
2929 36405
2930 35598
2931 35904
2932 36456
2933 35612
2934 35686
2935 35542
2936 36033
2937 36002
2938 36253
2939 36216
2940 36078
2941 36535
2942 36141
2943 35986
2944 35906
2945 36345
2946 36286
2947 36914
2948 36545
2949 36440
2950 36135
2951 36850
2952 36216
2953 264077
2954 36125
2955 36750
2956 35840
2957 36124
2958 35983
2959 36416
2960 36213
2961 36302
2962 35598
2963 36039
2964 36185
2965 36493
2966 36460
2967 36293
2968 36135
2969 37169
2970 37015
2971 36941
2972 37030
2973 36092
2974 35800
2975 36428
2976 36516
2977 36459
2978 36183
2979 36185
2980 36641
2981 36043
2982 36705
2983 36149
2984 36101
2985 37025
2986 36436
2987 36942
2988 36877
2989 37300
2990 37197
2991 36924
2992 36656
2993 37335
2994 37207
2995 36836
2996 36976
2997 37099
2998 37400
2999 36581
3000 161431
3001 37033
3002 37118
3003 37296
3004 37690
3005 37293
3006 54804
3007 39399
3008 38286
3009 38931
3010 37942
3011 38813
3012 38283
3013 38187
3014 39136
3015 38050
3016 39070
3017 38520
3018 38532
3019 38638
3020 38069
3021 38098
3022 38406
3023 38265
3024 39080
3025 38146
3026 38199
3027 38685
3028 38432
3029 38603
3030 38704
3031 38399
3032 39700
3033 39593
3034 39460
3035 39452
3036 39512
3037 39548
3038 40141
3039 39686
3040 39540
3041 39418
3042 38854
3043 39222
3044 41967
3045 42311
3046 40837
3047 42179
3048 42453
3049 42014
3050 41772
3051 41850
3052 41504
3053 40605
3054 41430
3055 46037
3056 42031
3057 43096
3058 42571
3059 41417
3060 41020
3061 40634
3062 42893
3063 42519
3064 42384
3065 40977
3066 42710
3067 40746
3068 40389
3069 41049
3070 40483
3071 41316
3072 41250
3073 41746
3074 41731
3075 41304
3076 40661
3077 41126
3078 40737
3079 40224
3080 39721
3081 40238
3082 40113
3083 40553
3084 40541
3085 40338
3086 40503
3087 40109
3088 40457
3089 40193
3090 41019
3091 40462
3092 40765
3093 40741
3094 40878
3095 40008
3096 40225
3097 40733
3098 41307
3099 40174
3100 40882
3101 40235
3102 40618
3103 41414
3104 41002
3105 40442
3106 40771
3107 40260
3108 40373
3109 40375
3110 40282
3111 40692
3112 39853
3113 40239
3114 39706
3115 40891
3116 150480
3117 40784
3118 40248
3119 40720
3120 41183
3121 40673
3122 40440
3123 39978
3124 40593
3125 40277
3126 40867
3127 40851
3128 41076
3129 40558
3130 146677
3131 40693
3132 40810
3133 40602
3134 40859
3135 40879
3136 40123
3137 40537
3138 40886
3139 40571
3140 40597
3141 40885
3142 40659
3143 40906
3144 41404
3145 40812
3146 40666
3147 84297
3148 40419
3149 40949
3150 40638
3151 40793
3152 41487
3153 41164
3154 41197
3155 40966
3156 40497
3157 40668
3158 42044
3159 41022
3160 40534
3161 40836
3162 40510
3163 41158
3164 41362
3165 40842
3166 41106
3167 41148
3168 40948
3169 41596
3170 44372
3171 148555
3172 41109
3173 41016
3174 41369
3175 41186
3176 41569
3177 41162
3178 40824
3179 56866
3180 50061
3181 57294
3182 43491
3183 43165
3184 45163
3185 46110
3186 49773
3187 63841
3188 94965
3189 49030
3190 48007
3191 68469
3192 61964
3193 61033
3194 48548
3195 46934
3196 48989
3197 78921
3198 293199
3199 49557
3200 81370
3201 61876
3202 54206
3203 69327
3204 56980
3205 78753
3206 60084
3207 53176
3208 53997
3209 49271
3210 53710
3211 56758
3212 51303
3213 52104
3214 79262
3215 64166
3216 43115
3217 44090
3218 45746
3219 46340
3220 46141
3221 46982
3222 46577
3223 47766
3224 47291
3225 258825
3226 45029
3227 46348
3228 45760
3229 46162
3230 45761
3231 45354
3232 46438
3233 46381
3234 47176
3235 47092
3236 51931
3237 47574
3238 46731
3239 46192
3240 45959
3241 44861
3242 46064
3243 45435
3244 45986
3245 46104
3246 45775
3247 45275
3248 46489
3249 46503
3250 45760
3251 51229
3252 180625
3253 58967
3254 43468
3255 42929
3256 43972
3257 42564
3258 42870
3259 43212
3260 43238
3261 43794
3262 43971
3263 43349
3264 43339
3265 43010
3266 44088
3267 44022
3268 43762
3269 43837
3270 44271
3271 47520
3272 44244
3273 43319
3274 44257
3275 44985
3276 45473
3277 47938
3278 44453
3279 177982
3280 42807
3281 42322
3282 43447
3283 42049
3284 43380
3285 42035
3286 42430
3287 42924
3288 42404
3289 42077
3290 42009
3291 42106
3292 42556
3293 42003
3294 42342
3295 41890
3296 42201
3297 41482
3298 42124
3299 41562
3300 41784
3301 42341
3302 42165
3303 42710
3304 42300
3305 42103
3306 41694
3307 43692
3308 42390
3309 41759
3310 42452
3311 41791
3312 42022
3313 41983
3314 42480
3315 41972
3316 41449
3317 41971
3318 42089
3319 160055
3320 42218
3321 42632
3322 44838
3323 44975
3324 49073
3325 44721
3326 44600
3327 44823
3328 45478
3329 44797
3330 44974
3331 44519
3332 121191
3333 45434
3334 44821
3335 44927
3336 45778
3337 45278
3338 44890
3339 45117
3340 45141
3341 44910
3342 44947
3343 45412
3344 45993
3345 356699
3346 46415
3347 45376
3348 47926
3349 47312
3350 45719
3351 47418
3352 46642
3353 47337
3354 58161
3355 50327
3356 51345
3357 57759
3358 73390
3359 71317
3360 69586
3361 70251
3362 75422
3363 70817
3364 72295
3365 72336
3366 70405
3367 71347
3368 71426
3369 69312
3370 72391
3371 73560
3372 50211
3373 51449
3374 50822
3375 48948
3376 49088
3377 49618
3378 50777
3379 48762
3380 48815
3381 50641
3382 51000
3383 51933
3384 50467
3385 72664
3386 73724
3387 75062
3388 72141
3389 70645
3390 71380
3391 73819
3392 73840
3393 75577
3394 70615
3395 72027
3396 72324
3397 70875
3398 70468
3399 50949
3400 50696
3401 51099
3402 52560
3403 54930
3404 51894
3405 52325
3406 51744
3407 51188
3408 51872
3409 52710
3410 51429
3411 51524
3412 51536
3413 51825
3414 52462
3415 51980
3416 51886
3417 53355
3418 52936
3419 61932
3420 51679
3421 75729
3422 53536
3423 52738
3424 52740
3425 51768
3426 52102
3427 52336
3428 64751
3429 53269
3430 53031
3431 51572
3432 52167
3433 53078
3434 52422
3435 52217
3436 51812
3437 50840
3438 51631
3439 51634
3440 51570
3441 51743
3442 59152
3443 79650
3444 48102
3445 48831
3446 48194
3447 49294
3448 48674
3449 53176
3450 51848
3451 52866
3452 52302
3453 51111
3454 52385
3455 51075
3456 54011
3457 51505
3458 51528
3459 51532
3460 53336
3461 51826
3462 52453
3463 51251
3464 51371
3465 52576
3466 50803
3467 52100
3468 51393
3469 52655
3470 52533
3471 51793
3472 51817
3473 50998
3474 51722
3475 50068
3476 49408
3477 48088
3478 49048
3479 47686
3480 49149
3481 48885
3482 49221
3483 3026306
3484 53470
3485 53271
3486 53455
3487 52925
3488 52664
3489 53088
3490 52142
3491 52277
3492 51629
3493 51978
3494 51866
3495 53101
3496 52565
3497 52298
3498 51637
3499 51744
3500 50540
3501 52856
3502 52315
3503 53101
3504 54126
3505 53849
3506 52399
3507 52185
3508 52147
3509 52521
3510 52181
3511 52881
3512 52630
3513 52827
3514 52413
3515 52686
3516 52358
3517 51999
3518 50489
3519 52738
3520 52127
3521 51284
3522 62199
3523 53055
3524 54462
3525 267550
3526 51283
3527 52260
3528 51531
3529 51875
3530 51947
3531 50176
3532 51494
3533 53032
3534 53433
3535 52296
3536 53281
3537 57215
3538 53948
3539 53584
3540 51571
3541 54439
3542 56603
3543 52013
3544 51015
3545 51194
3546 49719
3547 51748
3548 51587
3549 51174
3550 62967
3551 51241
3552 50440
3553 49658
3554 52493
3555 53594
3556 52346
3557 51907
3558 52144
3559 53161
3560 52149
3561 53217
3562 52626
3563 52586
3564 53709
3565 52110
3566 52972
3567 52477
3568 52304
3569 51056
3570 66057
3571 65167
3572 60504
3573 53584
3574 57547
3575 84057
3576 327260
3577 49536
3578 50614
3579 49498
3580 50529
3581 110694
3582 49138
3583 49623
3584 49901
3585 79424
3586 52280
3587 51182
3588 51130
3589 53205
3590 59529
3591 50627
3592 50865
3593 53109
3594 51574
3595 65560
3596 51772
3597 51413
3598 51032
3599 82011
3600 49487
3601 56129
3602 54769
3603 50718
3604 50760
3605 50553
3606 51270
3607 52571
3608 51248
3609 50413
3610 51418
3611 66147
3612 95841
3613 58772
3614 50895
3615 50698
3616 51663
3617 51809
3618 52136
3619 51402
3620 51766
3621 51802
3622 52332
3623 53234
3624 52352
3625 52192
3626 53510
3627 376486
3628 51174
3629 79692
3630 51413
3631 51665
3632 53341
3633 52887
3634 53045
3635 52409
3636 52432
3637 53502
3638 52804
3639 71060
3640 54309
3641 52967
3642 52820
3643 82708
3644 52662
3645 52734
3646 52535
3647 52498
3648 53958
3649 53107
3650 53335
3651 52461
3652 231562
3653 52669
3654 52328
3655 73538
3656 51871
3657 51294
3658 51798
3659 50063
3660 50559
3661 51162
3662 48836
3663 49051
3664 50147
3665 49201
3666 49420
3667 48584
3668 51216
3669 51627
3670 49002
3671 50457
3672 52936
3673 53308
3674 52578
3675 52041
3676 50809
3677 206587
3678 49919
3679 77976
3680 51944
3681 52325
3682 50339
3683 50511
3684 50789
3685 50163
3686 51123
3687 52989
3688 53878
3689 52411
3690 51676
3691 55701
3692 52863
3693 55387
3694 52465
3695 52730
3696 52826
3697 52305
3698 52659
3699 53334
3700 53779
3701 53717
3702 55766
3703 55204
3704 55361
3705 53967
3706 55407
3707 53876
3708 54428
3709 54242
3710 52703
3711 52314
3712 54366
3713 54503
3714 53062
3715 51155
3716 52841
3717 52189
3718 54986
3719 52629
3720 54341
3721 54356
3722 53281
3723 54733
3724 52587
3725 55768
3726 55910
3727 55788
3728 53752
3729 55400
3730 54185
3731 52381
3732 53596
3733 54153
3734 53958
3735 54818
3736 54931
3737 55048
3738 55494
3739 55131
3740 54774
3741 53973
3742 56345
3743 55182
3744 56473
3745 55108
3746 55234
3747 54437
3748 55997
3749 55457
3750 55448
3751 56367
3752 157822
3753 55668
3754 54502
3755 55017
3756 53380
3757 54311
3758 52888
3759 52604
3760 54487
3761 52041
3762 55976
3763 53613
3764 54877
3765 54192
3766 53761
3767 52449
3768 55786
3769 54244
3770 55092
3771 53561
3772 53700
3773 53359
3774 52244
3775 56449
3776 154767
3777 53399
3778 55548
3779 59620
3780 54989
3781 55402
3782 53251
3783 54396
3784 52378
3785 54606
3786 53986
3787 56087
3788 59138
3789 55123
3790 57265
3791 56982
3792 56065
3793 56894
3794 55619
3795 54202
3796 56097
3797 58684
3798 55995
3799 54919
3800 195569
3801 52740
3802 53570
3803 54753
3804 54426
3805 52684
3806 52504
3807 51616
3808 53715
3809 51973
3810 52051
3811 54232
3812 52990
3813 52096
3814 53803
3815 52133
3816 51809
3817 53399
3818 51924
3819 51138
3820 53166
3821 53563
3822 53945
3823 55911
3824 216812
3825 53140
3826 56410
3827 54969
3828 50880
3829 50885
3830 52350
3831 52606
3832 53803
3833 51551
3834 51116
3835 53928
3836 53143
3837 52454
3838 53715
3839 52876
3840 53238
3841 53343
3842 53567
3843 52269
3844 54153
3845 56331
3846 56279
3847 55713
3848 190922
3849 55962
3850 54265
3851 56697
3852 55769
3853 54204
3854 55311
3855 55050
3856 55113
3857 54667
3858 54553
3859 54819
3860 54903
3861 54240
3862 55725
3863 54720
3864 55444
3865 55748
3866 54628
3867 55049
3868 55354
3869 54656
3870 56979
3871 55813
3872 188999
3873 54199
3874 53420
3875 55365
3876 55156
3877 56004
3878 54798
3879 52674
3880 55344
3881 54497
3882 56666
3883 53973
3884 53695
3885 53252
3886 54523
3887 54622
3888 53214
3889 54850
3890 56159
3891 58351
3892 55766
3893 52795
3894 54495
3895 56184
3896 186417
3897 52409
3898 53845
3899 54873
3900 54735
3901 56470
3902 55020
3903 55628
3904 66687
3905 54583
3906 55076
3907 56154
3908 54877
3909 55387
3910 56181
3911 55413
3912 55607
3913 94849
3914 57266
3915 57709
3916 57639
3917 113009
3918 54308
3919 55097
3920 265248
3921 54793
3922 54083
3923 54410
3924 81261
3925 54404
3926 54416
3927 55601
3928 54456
3929 55452
3930 54238
3931 54302
3932 54521
3933 56400
3934 55669
3935 55305
3936 55829
3937 69796
3938 55391
3939 56342
3940 60676
3941 55935
3942 55957
3943 55334
3944 56387
3945 54510
3946 56057
3947 56343
3948 55378
3949 56348
3950 72172
3951 58813
3952 55525
3953 56412
3954 56101
3955 55289
3956 56090
3957 56634
3958 55775
3959 77061
3960 71658
3961 56308
3962 56343
3963 77230
3964 109695
3965 56601
3966 55097
3967 57166
3968 55426
3969 55285
3970 56648
3971 55486
3972 55765
3973 56374
3974 55290
3975 55685
3976 56345
3977 86622
3978 56168
3979 56510
3980 56053
3981 57082
3982 57180
3983 56108
3984 56061
3985 55858
3986 56801
3987 56374
3988 71250
3989 55337
3990 55940
3991 215691
3992 53527
3993 53235
3994 54311
3995 54729
3996 53847
3997 52638
3998 53827
3999 53164
4000 52658
4001 54248
4002 53244
4003 52126
4004 52711
4005 53424
4006 53424
4007 56536
4008 53792
4009 52835
4010 54604
4011 52323
4012 53644
4013 53693
4014 53685
4015 54648
4016 53530
4017 52592
4018 54315
4019 56862
4020 59032
4021 55927
4022 56364
4023 57742
4024 56578
4025 56778
4026 58129
4027 57397
4028 56132
4029 57313
4030 56274
4031 55177
4032 54258
4033 54810
4034 53772
4035 55599
4036 54824
4037 54505
4038 202065
4039 54580
4040 56453
4041 56539
4042 56787
4043 57085
4044 57688
4045 57731
4046 57851
4047 56981
4048 56722
4049 57845
4050 56246
4051 56439
4052 57770
4053 57166
4054 56543
4055 56787
4056 57968
4057 57755
4058 58424
4059 57403
4060 58160
4061 58867
4062 54922
4063 54462
4064 55776
4065 56479
4066 57966
4067 57410
4068 56783
4069 57037
4070 56993
4071 57371
4072 57118
4073 56386
4074 55226
4075 57465
4076 57310
4077 58592
4078 57426
4079 58158
4080 58665
4081 57937
4082 58916
4083 58064
4084 55278
4085 56897
4086 53600
4087 55514
4088 53645
4089 56275
4090 55280
4091 54797
4092 54873
4093 55067
4094 54588
4095 55643
4096 57895
4097 57159
4098 57481
4099 58392
4100 58738
4101 58459
4102 58739
4103 58219
4104 57831
4105 59021
4106 57886
4107 194179
4108 56590
4109 56085
4110 57414
4111 56369
4112 54696
4113 56214
4114 54347
4115 54381
4116 54533
4117 53617
4118 55625
4119 54207
4120 54437
4121 54093
4122 53926
4123 54544
4124 54868
4125 53774
4126 52631
4127 52737
4128 53957
4129 52459
4130 54478
4131 53075
4132 53737
4133 54295
4134 55353
4135 55593
4136 55743
4137 53559
4138 53112
4139 53946
4140 54974
4141 53466
4142 53028
4143 53988
4144 55307
4145 56269
4146 55086
4147 55773
4148 53609
4149 54684
4150 56123
4151 55529
4152 55665
4153 56775
4154 56630
4155 56871
4156 54806
4157 55379
4158 52558
4159 54340
4160 54003
4161 54590
4162 53036
4163 54509
4164 55552
4165 55970
4166 54853
4167 54518
4168 53138
4169 54488
4170 56798
4171 55260
4172 54541
4173 54096
4174 57545
4175 212222
4176 55502
4177 53235
4178 54327
4179 54560
4180 54641
4181 56704
4182 54070
4183 55201
4184 55309
4185 54719
4186 54524
4187 54096
4188 54467
4189 54952
4190 53860
4191 56103
4192 54985
4193 55454
4194 55557
4195 55542
4196 73347
4197 54733
4198 55888
4199 55860
4200 55687
4201 54257
4202 56242
4203 57188
4204 56254
4205 55397
4206 54819
4207 55935
4208 56590
4209 55766
4210 55840
4211 54392
4212 54659
4213 55987
4214 56353
4215 55050
4216 54051
4217 56751
4218 57283
4219 56341
4220 55860
4221 57550
4222 56553
4223 56478
4224 56655
4225 56491
4226 55453
4227 55196
4228 56412
4229 57486
4230 55213
4231 54246
4232 55469
4233 56024
4234 56236
4235 55597
4236 54925
4237 55949
4238 56678
4239 55626
4240 56681
4241 56504
4242 107114
4243 225947
4244 57167
4245 54941
4246 56882
4247 57088
4248 56691
4249 57688
4250 55533
4251 89411
4252 57474
4253 57707
4254 58499
4255 57598
4256 57622
4257 58750
4258 58338
4259 59760
4260 59227
4261 58473
4262 58740
4263 58279
4264 58489
4265 59233
4266 59190
4267 58546
4268 59184
4269 58983
4270 59032
4271 59221
4272 59508
4273 59463
4274 59579
4275 59434
4276 61801
4277 59972
4278 87968
4279 58959
4280 58810
4281 58807
4282 59095
4283 60129
4284 59909
4285 59352
4286 59754
4287 59149
4288 219569
4289 60066
4290 57040
4291 57703
4292 58359
4293 59646
4294 58885
4295 58903
4296 59865
4297 59109
4298 59153
4299 60410
4300 59800
4301 61829
4302 60371
4303 59382
4304 59325
4305 60026
4306 60926
4307 60340
4308 60997
4309 60835
4310 59314
4311 60459
4312 59831
4313 59022
4314 59412
4315 59896
4316 59634
4317 59972
4318 60329
4319 60222
4320 60231
4321 58754
4322 60552
4323 59737
4324 61237
4325 59850
4326 60933
4327 60992
4328 60623
4329 60533
4330 60481
4331 60436
4332 60161
4333 60606
4334 84621
4335 59487
4336 61035
4337 59443
4338 59782
4339 58727
4340 60008
4341 58997
4342 59868
4343 59107
4344 59395
4345 60242
4346 60258
4347 60495
4348 59075
4349 59059
4350 59963
4351 59036
4352 58823
4353 59941
4354 59920
4355 228047
4356 61189
4357 90557
4358 59961
4359 60108
4360 60379
4361 59184
4362 60095
4363 60025
4364 59419
4365 58942
4366 59334
4367 59694
4368 59900
4369 58097
4370 59477
4371 60400
4372 59302
4373 58818
4374 60022
4375 58845
4376 58649
4377 236552
4378 61591
4379 60907
4380 58728
4381 59032
4382 59025
4383 58989
4384 61173
4385 60897
4386 60768
4387 60666
4388 60991
4389 61260
4390 60240
4391 60591
4392 60932
4393 60413
4394 60536
4395 61445
4396 60972
4397 60541
4398 60067
4399 225621
4400 61967
4401 60403
4402 61429
4403 61576
4404 60692
4405 60790
4406 60769
4407 61598
4408 60468
4409 60663
4410 60640
4411 60189
4412 61392
4413 60287
4414 61152
4415 60274
4416 59531
4417 60264
4418 61464
4419 85488
4420 59635
4421 219611
4422 60912
4423 60383
4424 59520
4425 61913
4426 61683
4427 74226
4428 62414
4429 61327
4430 61178
4431 60971
4432 61472
4433 75086
4434 62862
4435 61990
4436 62666
4437 62870
4438 63030
4439 62884
4440 70985
4441 62201
4442 61512
4443 307832
4444 61572
4445 60926
4446 61984
4447 63263
4448 62331
4449 62153
4450 65338
4451 62255
4452 63017
4453 63176
4454 62330
4455 62845
4456 62712
4457 63753
4458 63650
4459 62455
4460 63441
4461 63132
4462 63171
4463 61860
4464 61656
4465 341138
4466 59577
4467 62732
4468 62007
4469 61185
4470 60936
4471 61675
4472 60494
4473 59465
4474 60811
4475 57913
4476 58916
4477 63209
4478 62948
4479 62353
4480 62005
4481 62245
4482 61893
4483 60819
4484 61107
4485 63687
4486 60029
4487 59983
4488 61884
4489 63701
4490 60681
4491 61544
4492 61274
4493 63000
4494 61704
4495 63259
4496 62871
4497 61979
4498 93214
4499 62498
4500 62440
4501 61127
4502 62324
4503 63144
4504 60525
4505 62209
4506 62071
4507 64728
4508 60021
4509 63993
4510 61928
4511 62438
4512 62679
4513 60993
4514 62049
4515 59804
4516 58707
4517 60384
4518 59155
4519 59381
4520 59465
4521 60579
4522 60815
4523 61981
4524 61616
4525 61704
4526 60300
4527 61206
4528 63817
4529 60438
4530 62161
4531 61637
4532 60584
4533 60937
4534 62836
4535 62250
4536 61963
4537 62123
4538 59913
4539 60042
4540 58604
4541 57675
4542 59440
4543 58552
4544 59595
4545 59655
4546 61073
4547 61483
4548 59358
4549 59918
4550 60846
4551 60421
4552 235615
4553 62217
4554 62742
4555 60582
4556 60332
4557 60165
4558 61414
4559 59321
4560 57945
4561 58761
4562 60415
4563 61090
4564 60996
4565 61418
4566 61404
4567 61520
4568 60187
4569 61858
4570 63890
4571 61533
4572 59789
4573 211209
4574 57525
4575 57921
4576 60001
4577 60816
4578 60467
4579 59475
4580 60249
4581 60541
4582 62092
4583 66778
4584 65502
4585 61794
4586 63213
4587 66376
4588 65594
4589 68538
4590 64776
4591 62837
4592 66123
4593 69376
4594 63359
4595 65456
4596 65969
4597 67392
4598 64360
4599 61603
4600 63323
4601 67152
4602 66354
4603 66165
4604 62649
4605 61647
4606 63619
4607 68450
4608 66896
4609 66822
4610 67725
4611 220141
4612 62965
4613 64897
4614 67841
4615 64609
4616 63493
4617 62640
4618 65960
4619 66438
4620 63529
4621 64843
4622 67270
4623 65521
4624 67953
4625 63231
4626 65524
4627 65088
4628 68697
4629 215500
4630 64017
4631 63161
4632 63671
4633 67903
4634 68654
4635 129821
4636 100881
4637 69810
4638 67809
4639 69616
4640 69704
4641 71541
4642 69324
4643 70240
4644 70186
4645 70250
4646 69311
4647 271387
4648 68709
4649 70661
4650 70220
4651 70984
4652 70064
4653 71162
4654 85797
4655 69954
4656 70339
4657 70985
4658 72032
4659 70674
4660 71777
4661 72392
4662 70843
4663 70781
4664 70763
4665 239770
4666 70153
4667 71173
4668 71075
4669 70927
4670 70860
4671 70129
4672 69514
4673 69566
4674 69137
4675 69691
4676 70610
4677 70008
4678 70725
4679 70008
4680 68803
4681 70363
4682 71789
4683 260098
4684 69118
4685 68754
4686 69585
4687 69837
4688 69150
4689 69353
4690 70586
4691 69743
4692 68328
4693 70443
4694 69597
4695 69537
4696 70811
4697 69343
4698 71583
4699 68550
4700 69519
4701 220032
4702 69743
4703 71046
4704 69713
4705 70836
4706 68592
4707 69194
4708 70371
4709 69131
4710 68796
4711 69878
4712 82249
4713 70184
4714 69570
4715 71014
4716 69324
4717 71862
4718 70172
4719 200308
4720 66992
4721 65916
4722 65864
4723 66030
4724 64854
4725 66545
4726 67506
4727 66128
4728 65082
4729 65387
4730 68163
4731 65941
4732 65382
4733 73042
4734 66587
4735 66048
4736 67280
4737 203769
4738 67385
4739 65478
4740 66316
4741 66790
4742 67053
4743 65234
4744 69260
4745 65946
4746 66860
4747 66295
4748 67483
4749 66769
4750 66150
4751 67225
4752 67341
4753 66219
4754 67080
4755 200610
4756 68400
4757 69210
4758 70928
4759 68463
4760 69471
4761 71539
4762 69913
4763 70595
4764 69625
4765 69274
4766 70310
4767 69961
4768 69911
4769 68428
4770 69416
4771 68654
4772 70796
4773 201165
4774 68159
4775 66952
4776 66565
4777 67302
4778 66433
4779 67412
4780 66241
4781 66514
4782 67505
4783 67959
4784 69998
4785 66928
4786 68733
4787 68712
4788 69055
4789 68406
4790 69207
4791 68185
4792 71115
4793 70769
4794 70943
4795 69536
4796 69736
4797 69325
4798 69753
4799 68775
4800 69805
4801 69692
4802 70262
4803 68219
4804 67064
4805 66569
4806 66845
4807 68226
4808 220964
4809 67185
4810 67427
4811 65128
4812 66312
4813 65209
4814 66264
4815 66273
4816 65244
4817 65690
4818 66512
4819 66476
4820 67563
4821 67130
4822 67451
4823 67179
4824 69078
4825 67804
4826 67536
4827 65320
4828 67295
4829 66826
4830 66812
4831 67914
4832 68353
4833 66297
4834 66407
4835 67516
4836 67199
4837 68379
4838 68695
4839 67388
4840 68189
4841 66667
4842 69057
4843 69483
4844 65862
4845 65465
4846 65431
4847 66170
4848 65450
4849 65959
4850 64446
4851 64710
4852 65080
4853 65000
4854 65894
4855 66151
4856 64767
4857 66042
4858 65463
4859 66599
4860 66815
4861 216230
4862 64705
4863 66747
4864 65749
4865 66462
4866 66673
4867 67536
4868 66388
4869 66980
4870 66417
4871 65256
4872 65533
4873 66326
4874 67582
4875 66176
4876 66682
4877 67093
4878 66037
4879 69151
4880 70919
4881 69045
4882 69484
4883 70411
4884 68914
4885 70446
4886 68955
4887 69437
4888 70328
4889 69006
4890 65791
4891 68116
4892 66851
4893 67822
4894 69269
4895 68030
4896 68622
4897 68002
4898 68505
4899 67456
4900 69375
4901 69989
4902 67581
4903 70247
4904 67244
4905 68932
4906 69262
4907 69603
4908 68507
4909 66971
4910 68515
4911 68615
4912 67146
4913 71683
4914 215906
4915 67013
4916 66551
4917 67970
4918 66713
4919 67112
4920 65279
4921 66373
4922 67843
4923 67056
4924 65941
4925 64960
4926 65816
4927 67304
4928 66296
4929 67142
4930 82215
4931 68194
4932 66276
4933 66058
4934 66206
4935 66967
4936 66959
4937 64775
4938 67329
4939 66067
4940 67561
4941 66786
4942 68209
4943 67333
4944 66601
4945 68113
4946 66192
4947 134036
4948 69438
4949 255868
4950 70668
4951 70882
4952 71427
4953 70466
4954 70871
4955 71940
4956 70803
4957 72318
4958 71643
4959 71319
4960 71341
4961 71912
4962 71775
4963 71484
4964 71361
4965 70749
4966 72246
4967 69421
4968 68839
4969 69438
4970 69073
4971 68224
4972 85587
4973 92094
4974 67362
4975 69365
4976 70177
4977 68511
4978 69883
4979 70655
4980 71007
4981 69941
4982 68822
4983 73954
4984 233369
4985 72330
4986 73184
4987 72668
4988 74428
4989 72292
4990 73666
4991 72914
4992 74264
4993 73904
4994 73281
4995 74155
4996 73067
4997 73531
4998 73087
4999 73321
